TITLE = "Cavity Iterative Residual History"
variables="Iteration""Time(s)""Res1""Res2""Res3"
1 3.814697e-05 1.589475e-01 3.268164e+02 0.000000e+00
100 3.814697e-03 2.218521e+00 1.407561e+01 1.481289e+00
200 7.629395e-03 1.800663e+00 7.934118e+00 1.389433e+00
300 1.144409e-02 1.582326e+00 5.549779e+00 1.395282e+00
400 1.525879e-02 1.441683e+00 4.225941e+00 1.402717e+00
500 1.907349e-02 1.340023e+00 3.359414e+00 1.412408e+00
600 2.288818e-02 1.261081e+00 2.732895e+00 1.426177e+00
700 2.670288e-02 1.196004e+00 2.247848e+00 1.443356e+00
800 3.051758e-02 1.138626e+00 1.855331e+00 1.461812e+00
900 3.433228e-02 1.083776e+00 1.533951e+00 1.478456e+00
1000 3.814697e-02 1.027763e+00 1.277987e+00 1.491040e+00
1100 4.196167e-02 9.689023e-01 1.086890e+00 1.499292e+00
1200 4.577637e-02 9.072273e-01 9.572347e-01 1.504382e+00
1300 4.959106e-02 8.438481e-01 8.789639e-01 1.507817e+00
1400 5.340576e-02 7.802245e-01 8.372228e-01 1.510714e+00
1500 5.722046e-02 7.177784e-01 8.171747e-01 1.513588e+00
1600 6.103516e-02 6.576624e-01 8.076844e-01 1.516432e+00
1700 6.484985e-02 6.007270e-01 8.020147e-01 1.518914e+00
1800 6.866455e-02 5.475376e-01 7.968142e-01 1.520567e+00
1900 7.247925e-02 4.984186e-01 7.908024e-01 1.520934e+00
2000 7.629395e-02 4.535063e-01 7.837841e-01 1.519645e+00
2100 8.010864e-02 4.127867e-01 7.760249e-01 1.516461e+00
2200 8.392334e-02 3.761311e-01 7.679222e-01 1.511270e+00
2300 8.773804e-02 3.433378e-01 7.598476e-01 1.504079e+00
2400 9.155273e-02 3.141502e-01 7.520962e-01 1.494987e+00
2500 9.536743e-02 2.882808e-01 7.448748e-01 1.484156e+00
2600 9.918213e-02 2.654228e-01 7.383040e-01 1.471786e+00
2700 1.029968e-01 2.452694e-01 7.324365e-01 1.458094e+00
2800 1.068115e-01 2.275167e-01 7.272728e-01 1.443299e+00
2900 1.106262e-01 2.118680e-01 7.227760e-01 1.427604e+00
3000 1.144409e-01 1.980483e-01 7.188870e-01 1.411198e+00
3100 1.182556e-01 1.857996e-01 7.155276e-01 1.394243e+00
3200 1.220703e-01 1.748877e-01 7.126162e-01 1.376879e+00
3300 1.258850e-01 1.651073e-01 7.100739e-01 1.359227e+00
3400 1.296997e-01 1.562959e-01 7.078255e-01 1.341385e+00
3500 1.335144e-01 1.483294e-01 7.058017e-01 1.323434e+00
3600 1.373291e-01 1.411455e-01 7.039413e-01 1.305439e+00
3700 1.411438e-01 1.347467e-01 7.021904e-01 1.287451e+00
3800 1.449585e-01 1.292138e-01 7.005020e-01 1.269506e+00
3900 1.487732e-01 1.246597e-01 6.988379e-01 1.251628e+00
4000 1.525879e-01 1.212166e-01 6.971648e-01 1.233822e+00
4100 1.564026e-01 1.189644e-01 6.954544e-01 1.216075e+00
4200 1.602173e-01 1.178665e-01 6.936818e-01 1.198342e+00
4300 1.640320e-01 1.177305e-01 6.918247e-01 1.180532e+00
4400 1.678467e-01 1.182180e-01 6.898597e-01 1.162497e+00
4500 1.716614e-01 1.189136e-01 6.877596e-01 1.143998e+00
4600 1.754761e-01 1.193973e-01 6.854906e-01 1.124690e+00
4700 1.792908e-01 1.193377e-01 6.830068e-01 1.104094e+00
4800 1.831055e-01 1.185438e-01 6.802452e-01 1.081583e+00
4900 1.869202e-01 1.169897e-01 6.771225e-01 1.056397e+00
5000 1.907349e-01 1.147926e-01 6.735316e-01 1.027682e+00
5100 1.945496e-01 1.121926e-01 6.693416e-01 9.945751e-01
5200 1.983643e-01 1.094937e-01 6.644044e-01 9.563343e-01
5300 2.021790e-01 1.069989e-01 6.585669e-01 9.125071e-01
5400 2.059937e-01 1.049820e-01 6.516884e-01 8.630990e-01
5500 2.098083e-01 1.036219e-01 6.436632e-01 8.087219e-01
5600 2.136230e-01 1.029936e-01 6.344422e-01 7.506473e-01
5700 2.174377e-01 1.030381e-01 6.240470e-01 6.907351e-01
5800 2.212524e-01 1.036103e-01 6.125759e-01 6.312141e-01
5900 2.250671e-01 1.047138e-01 6.001879e-01 5.743642e-01
6000 2.288818e-01 1.062942e-01 5.870897e-01 5.221594e-01
6100 2.326965e-01 1.082487e-01 5.734950e-01 4.760087e-01
6200 2.365112e-01 1.104361e-01 5.596183e-01 4.365981e-01
6300 2.403259e-01 1.126868e-01 5.456413e-01 4.039537e-01
6400 2.441406e-01 1.148916e-01 5.317060e-01 3.775849e-01
6500 2.479553e-01 1.169464e-01 5.179123e-01 3.566877e-01
6600 2.517700e-01 1.188107e-01 5.043186e-01 3.403467e-01
6700 2.555847e-01 1.204384e-01 4.909468e-01 3.276814e-01
6800 2.593994e-01 1.218009e-01 4.777876e-01 3.179255e-01
6900 2.632141e-01 1.228874e-01 4.648082e-01 3.104561e-01
7000 2.670288e-01 1.236941e-01 4.519594e-01 3.047864e-01
7100 2.708435e-01 1.242152e-01 4.391849e-01 3.005462e-01
7200 2.746582e-01 1.244552e-01 4.264283e-01 2.974577e-01
7300 2.784729e-01 1.244255e-01 4.136406e-01 2.953152e-01
7400 2.822876e-01 1.241235e-01 4.007849e-01 2.939582e-01
7500 2.861023e-01 1.235592e-01 3.878420e-01 2.932568e-01
7600 2.899170e-01 1.227463e-01 3.748146e-01 2.931085e-01
7700 2.937317e-01 1.217016e-01 3.617292e-01 2.934309e-01
7800 2.975464e-01 1.204430e-01 3.486358e-01 2.941554e-01
7900 3.013611e-01 1.189915e-01 3.356060e-01 2.952236e-01
8000 3.051758e-01 1.173683e-01 3.227298e-01 2.965834e-01
8100 3.089905e-01 1.155975e-01 3.101102e-01 2.981876e-01
8200 3.128052e-01 1.136977e-01 2.978560e-01 2.999869e-01
8300 3.166199e-01 1.116936e-01 2.860754e-01 3.019310e-01
8400 3.204346e-01 1.096098e-01 2.748690e-01 3.039712e-01
8500 3.242493e-01 1.074711e-01 2.643234e-01 3.060598e-01
8600 3.280640e-01 1.053009e-01 2.545058e-01 3.081502e-01
8700 3.318787e-01 1.031222e-01 2.454592e-01 3.101970e-01
8800 3.356934e-01 1.009559e-01 2.371999e-01 3.121569e-01
8900 3.395081e-01 9.882035e-02 2.297170e-01 3.139889e-01
9000 3.433228e-01 9.673036e-02 2.229744e-01 3.156544e-01
9100 3.471375e-01 9.470079e-02 2.169149e-01 3.171178e-01
9200 3.509521e-01 9.274132e-02 2.114662e-01 3.183488e-01
9300 3.547668e-01 9.086260e-02 2.065466e-01 3.193219e-01
9400 3.585815e-01 8.906952e-02 2.020715e-01 3.200174e-01
9500 3.623962e-01 8.736678e-02 1.979584e-01 3.204209e-01
9600 3.662109e-01 8.575622e-02 1.941318e-01 3.205237e-01
9700 3.700256e-01 8.423736e-02 1.905253e-01 3.203222e-01
9800 3.738403e-01 8.280869e-02 1.870846e-01 3.198177e-01
9900 3.776550e-01 8.146717e-02 1.837672e-01 3.190164e-01
10000 3.814697e-01 8.020691e-02 1.805425e-01 3.179276e-01
10100 3.852844e-01 7.902249e-02 1.773912e-01 3.165646e-01
10200 3.890991e-01 7.790794e-02 1.743025e-01 3.149435e-01
10300 3.929138e-01 7.685492e-02 1.712742e-01 3.130827e-01
10400 3.967285e-01 7.585580e-02 1.683099e-01 3.110026e-01
10500 4.005432e-01 7.490197e-02 1.654175e-01 3.087243e-01
10600 4.043579e-01 7.398627e-02 1.626064e-01 3.062703e-01
10700 4.081726e-01 7.309872e-02 1.598876e-01 3.036625e-01
10800 4.119873e-01 7.223067e-02 1.572723e-01 3.009227e-01
10900 4.158020e-01 7.137583e-02 1.547696e-01 2.980721e-01
11000 4.196167e-01 7.052610e-02 1.523863e-01 2.951307e-01
11100 4.234314e-01 6.967429e-02 1.501276e-01 2.921170e-01
11200 4.272461e-01 6.881521e-02 1.479957e-01 2.890477e-01
11300 4.310608e-01 6.794453e-02 1.459901e-01 2.859379e-01
11400 4.348755e-01 6.705809e-02 1.441082e-01 2.828008e-01
11500 4.386902e-01 6.615423e-02 1.423458e-01 2.796474e-01
11600 4.425049e-01 6.523254e-02 1.406972e-01 2.764869e-01
11700 4.463196e-01 6.429298e-02 1.391562e-01 2.733268e-01
11800 4.501343e-01 6.333768e-02 1.377164e-01 2.701725e-01
11900 4.539490e-01 6.237065e-02 1.363713e-01 2.670280e-01
12000 4.577637e-01 6.139556e-02 1.351153e-01 2.638959e-01
12100 4.615784e-01 6.041812e-02 1.339434e-01 2.607775e-01
12200 4.653931e-01 5.944507e-02 1.328514e-01 2.576732e-01
12300 4.692078e-01 5.848244e-02 1.318357e-01 2.545823e-01
12400 4.730225e-01 5.753781e-02 1.308933e-01 2.515038e-01
12500 4.768372e-01 5.661811e-02 1.300216e-01 2.484357e-01
12600 4.806519e-01 5.573023e-02 1.292180e-01 2.453763e-01
12700 4.844666e-01 5.488001e-02 1.284798e-01 2.423230e-01
12800 4.882813e-01 5.407284e-02 1.278040e-01 2.392734e-01
12900 4.920959e-01 5.331277e-02 1.271869e-01 2.362246e-01
13000 4.959106e-01 5.260332e-02 1.266240e-01 2.331743e-01
13100 4.997253e-01 5.194585e-02 1.261104e-01 2.301198e-01
13200 5.035400e-01 5.134038e-02 1.256404e-01 2.270587e-01
13300 5.073547e-01 5.078629e-02 1.252074e-01 2.239887e-01
13400 5.111694e-01 5.028119e-02 1.248041e-01 2.209075e-01
13500 5.149841e-01 4.982161e-02 1.244231e-01 2.178131e-01
13600 5.187988e-01 4.940384e-02 1.240566e-01 2.147039e-01
13700 5.226135e-01 4.902341e-02 1.236969e-01 2.115785e-01
13800 5.264282e-01 4.867529e-02 1.233362e-01 2.084360e-01
13900 5.302429e-01 4.835333e-02 1.229675e-01 2.052759e-01
14000 5.340576e-01 4.805227e-02 1.225834e-01 2.020976e-01
14100 5.378723e-01 4.776735e-02 1.221775e-01 1.989011e-01
14200 5.416870e-01 4.749380e-02 1.217442e-01 1.956872e-01
14300 5.455017e-01 4.722722e-02 1.212782e-01 1.924566e-01
14400 5.493164e-01 4.696379e-02 1.207755e-01 1.892109e-01
14500 5.531311e-01 4.670001e-02 1.202324e-01 1.859518e-01
14600 5.569458e-01 4.643286e-02 1.196461e-01 1.826815e-01
14700 5.607605e-01 4.615987e-02 1.190146e-01 1.794023e-01
14800 5.645752e-01 4.587930e-02 1.183361e-01 1.761167e-01
14900 5.683899e-01 4.559005e-02 1.176100e-01 1.728278e-01
15000 5.722046e-01 4.529123e-02 1.168362e-01 1.695385e-01
15100 5.760193e-01 4.498196e-02 1.160150e-01 1.662522e-01
15200 5.798340e-01 4.466224e-02 1.151472e-01 1.629720e-01
15300 5.836487e-01 4.433197e-02 1.142340e-01 1.597012e-01
15400 5.874634e-01 4.399149e-02 1.132772e-01 1.564430e-01
15500 5.912781e-01 4.364058e-02 1.122786e-01 1.532003e-01
15600 5.950928e-01 4.327979e-02 1.112402e-01 1.499762e-01
15700 5.989075e-01 4.290939e-02 1.101643e-01 1.467733e-01
15800 6.027222e-01 4.252999e-02 1.090531e-01 1.435941e-01
15900 6.065369e-01 4.214246e-02 1.079090e-01 1.404409e-01
16000 6.103516e-01 4.174681e-02 1.067347e-01 1.373157e-01
16100 6.141663e-01 4.134355e-02 1.055324e-01 1.342204e-01
16200 6.179810e-01 4.093332e-02 1.043047e-01 1.311564e-01
16300 6.217957e-01 4.051639e-02 1.030539e-01 1.281252e-01
16400 6.256104e-01 4.009286e-02 1.017825e-01 1.251278e-01
16500 6.294250e-01 3.966292e-02 1.004925e-01 1.221652e-01
16600 6.332397e-01 3.922663e-02 9.918605e-02 1.192381e-01
16700 6.370544e-01 3.878417e-02 9.786502e-02 1.163468e-01
16800 6.408691e-01 3.833566e-02 9.653120e-02 1.134919e-01
16900 6.446838e-01 3.788124e-02 9.518625e-02 1.106734e-01
17000 6.484985e-01 3.742121e-02 9.383181e-02 1.078919e-01
17100 6.523132e-01 3.695535e-02 9.246943e-02 1.051475e-01
17200 6.561279e-01 3.648376e-02 9.110049e-02 1.024404e-01
17300 6.599426e-01 3.600659e-02 8.972632e-02 9.977070e-02
17400 6.637573e-01 3.552371e-02 8.834811e-02 9.713869e-02
17500 6.675720e-01 3.503537e-02 8.696698e-02 9.454458e-02
17600 6.713867e-01 3.454180e-02 8.558410e-02 9.198888e-02
17700 6.752014e-01 3.404328e-02 8.420057e-02 8.947207e-02
17800 6.790161e-01 3.353980e-02 8.281754e-02 8.699490e-02
17900 6.828308e-01 3.303150e-02 8.143601e-02 8.455799e-02
18000 6.866455e-01 3.251859e-02 8.005690e-02 8.216204e-02
18100 6.904602e-01 3.200151e-02 7.868111e-02 7.980790e-02
18200 6.942749e-01 3.148060e-02 7.730955e-02 7.749663e-02
18300 6.980896e-01 3.095628e-02 7.594315e-02 7.522939e-02
18400 7.019043e-01 3.042900e-02 7.458288e-02 7.300750e-02
18500 7.057190e-01 2.989912e-02 7.322973e-02 7.083234e-02
18600 7.095337e-01 2.936712e-02 7.188470e-02 6.870538e-02
18700 7.133484e-01 2.883344e-02 7.054877e-02 6.662813e-02
18800 7.171631e-01 2.829850e-02 6.922294e-02 6.460208e-02
18900 7.209778e-01 2.776286e-02 6.790821e-02 6.262881e-02
19000 7.247925e-01 2.722696e-02 6.660564e-02 6.070991e-02
19100 7.286072e-01 2.669128e-02 6.531627e-02 5.884692e-02
19200 7.324219e-01 2.615631e-02 6.404116e-02 5.704135e-02
19300 7.362366e-01 2.562250e-02 6.278135e-02 5.529465e-02
19400 7.400513e-01 2.509039e-02 6.153788e-02 5.360818e-02
19500 7.438660e-01 2.456041e-02 6.031180e-02 5.198318e-02
19600 7.476807e-01 2.403308e-02 5.910415e-02 5.042074e-02
19700 7.514954e-01 2.350887e-02 5.791595e-02 4.892183e-02
19800 7.553101e-01 2.298821e-02 5.674817e-02 4.748718e-02
19900 7.591248e-01 2.247161e-02 5.560175e-02 4.611740e-02
20000 7.629395e-01 2.195945e-02 5.447759e-02 4.481281e-02
20100 7.667542e-01 2.145224e-02 5.337652e-02 4.357351e-02
20200 7.705688e-01 2.095045e-02 5.229932e-02 4.239939e-02
20300 7.743835e-01 2.045458e-02 5.124675e-02 4.129012e-02
20400 7.781982e-01 1.996500e-02 5.021951e-02 4.024511e-02
20500 7.820129e-01 1.948210e-02 4.921820e-02 3.926348e-02
20600 7.858276e-01 1.900632e-02 4.824329e-02 3.834403e-02
20700 7.896423e-01 1.853811e-02 4.729521e-02 3.748537e-02
20800 7.934570e-01 1.807788e-02 4.637430e-02 3.668588e-02
20900 7.972717e-01 1.762607e-02 4.548085e-02 3.594368e-02
21000 8.010864e-01 1.718309e-02 4.461505e-02 3.525671e-02
21100 8.049011e-01 1.674934e-02 4.377706e-02 3.462273e-02
21200 8.087158e-01 1.632525e-02 4.296692e-02 3.403931e-02
21300 8.125305e-01 1.591122e-02 4.218462e-02 3.350393e-02
21400 8.163452e-01 1.550761e-02 4.143005e-02 3.301394e-02
21500 8.201599e-01 1.511478e-02 4.070302e-02 3.256662e-02
21600 8.239746e-01 1.473309e-02 4.000327e-02 3.215920e-02
21700 8.277893e-01 1.436286e-02 3.933045e-02 3.178886e-02
21800 8.316040e-01 1.400440e-02 3.868410e-02 3.145285e-02
21900 8.354187e-01 1.365798e-02 3.806374e-02 3.114838e-02
22000 8.392334e-01 1.332383e-02 3.746879e-02 3.087275e-02
22100 8.430481e-01 1.300216e-02 3.689858e-02 3.062329e-02
22200 8.468628e-01 1.269316e-02 3.635240e-02 3.039743e-02
22300 8.506775e-01 1.239696e-02 3.582948e-02 3.019270e-02
22400 8.544922e-01 1.211365e-02 3.532900e-02 3.000673e-02
22500 8.583069e-01 1.184328e-02 3.485009e-02 2.983727e-02
22600 8.621216e-01 1.158585e-02 3.439186e-02 2.968217e-02
22700 8.659363e-01 1.134133e-02 3.395338e-02 2.953942e-02
22800 8.697510e-01 1.110962e-02 3.353369e-02 2.940714e-02
22900 8.735657e-01 1.089058e-02 3.313182e-02 2.928355e-02
23000 8.773804e-01 1.068400e-02 3.274680e-02 2.916702e-02
23100 8.811951e-01 1.048965e-02 3.237764e-02 2.905602e-02
23200 8.850098e-01 1.030721e-02 3.202334e-02 2.894916e-02
23300 8.888245e-01 1.013637e-02 3.168293e-02 2.884513e-02
23400 8.926392e-01 9.976708e-03 3.135545e-02 2.874277e-02
23500 8.964539e-01 9.827818e-03 3.103993e-02 2.864099e-02
23600 9.002686e-01 9.689223e-03 3.073544e-02 2.853882e-02
23700 9.040833e-01 9.560432e-03 3.044108e-02 2.843538e-02
23800 9.078979e-01 9.440916e-03 3.015597e-02 2.832989e-02
23900 9.117126e-01 9.330133e-03 2.987926e-02 2.822163e-02
24000 9.155273e-01 9.227535e-03 2.961013e-02 2.810999e-02
24100 9.193420e-01 9.132542e-03 2.934781e-02 2.799442e-02
24200 9.231567e-01 9.044565e-03 2.909156e-02 2.787444e-02
24300 9.269714e-01 8.963029e-03 2.884067e-02 2.774964e-02
24400 9.307861e-01 8.887357e-03 2.859448e-02 2.761968e-02
24500 9.346008e-01 8.816984e-03 2.835234e-02 2.748425e-02
24600 9.384155e-01 8.751363e-03 2.811368e-02 2.734312e-02
24700 9.422302e-01 8.689954e-03 2.787793e-02 2.719610e-02
24800 9.460449e-01 8.632240e-03 2.764458e-02 2.704305e-02
24900 9.498596e-01 8.577731e-03 2.741315e-02 2.688386e-02
25000 9.536743e-01 8.525961e-03 2.718319e-02 2.671848e-02
25100 9.574890e-01 8.476484e-03 2.695429e-02 2.654687e-02
25200 9.613037e-01 8.428887e-03 2.672609e-02 2.636907e-02
25300 9.651184e-01 8.382781e-03 2.649824e-02 2.618509e-02
25400 9.689331e-01 8.337805e-03 2.627043e-02 2.599503e-02
25500 9.727478e-01 8.293624e-03 2.604240e-02 2.579897e-02
25600 9.765625e-01 8.249932e-03 2.581389e-02 2.559704e-02
25700 9.803772e-01 8.206448e-03 2.558468e-02 2.538938e-02
25800 9.841919e-01 8.162917e-03 2.535459e-02 2.517615e-02
25900 9.880066e-01 8.119113e-03 2.512345e-02 2.495754e-02
26000 9.918213e-01 8.074829e-03 2.489111e-02 2.473374e-02
26100 9.956360e-01 8.029884e-03 2.465746e-02 2.450496e-02
26200 9.994507e-01 7.984119e-03 2.442240e-02 2.427142e-02
26300 1.003265e+00 7.937394e-03 2.418584e-02 2.403336e-02
26400 1.007080e+00 7.889592e-03 2.394774e-02 2.379102e-02
26500 1.010895e+00 7.840610e-03 2.370803e-02 2.354466e-02
26600 1.014709e+00 7.790362e-03 2.346670e-02 2.329454e-02
26700 1.018524e+00 7.738780e-03 2.322374e-02 2.304091e-02
26800 1.022339e+00 7.685809e-03 2.297913e-02 2.278404e-02
26900 1.026154e+00 7.631407e-03 2.273291e-02 2.252420e-02
27000 1.029968e+00 7.575549e-03 2.248509e-02 2.226167e-02
27100 1.033783e+00 7.518217e-03 2.223571e-02 2.199671e-02
27200 1.037598e+00 7.459405e-03 2.198483e-02 2.172959e-02
27300 1.041412e+00 7.399115e-03 2.173248e-02 2.146058e-02
27400 1.045227e+00 7.337360e-03 2.147876e-02 2.118996e-02
27500 1.049042e+00 7.274158e-03 2.122371e-02 2.091800e-02
27600 1.052856e+00 7.209535e-03 2.096744e-02 2.064494e-02
27700 1.056671e+00 7.143524e-03 2.071002e-02 2.037107e-02
27800 1.060486e+00 7.076162e-03 2.045156e-02 2.009662e-02
27900 1.064301e+00 7.007491e-03 2.019214e-02 1.982186e-02
28000 1.068115e+00 6.937557e-03 1.993188e-02 1.954703e-02
28100 1.071930e+00 6.866412e-03 1.967088e-02 1.927237e-02
28200 1.075745e+00 6.794110e-03 1.940925e-02 1.899811e-02
28300 1.079559e+00 6.720707e-03 1.914711e-02 1.872449e-02
28400 1.083374e+00 6.646262e-03 1.888457e-02 1.845173e-02
28500 1.087189e+00 6.570836e-03 1.862175e-02 1.818004e-02
28600 1.091003e+00 6.494492e-03 1.835877e-02 1.790963e-02
28700 1.094818e+00 6.417292e-03 1.809575e-02 1.764070e-02
28800 1.098633e+00 6.339301e-03 1.783281e-02 1.737345e-02
28900 1.102448e+00 6.260584e-03 1.757008e-02 1.710806e-02
29000 1.106262e+00 6.181205e-03 1.730766e-02 1.684471e-02
29100 1.110077e+00 6.101231e-03 1.704569e-02 1.658358e-02
29200 1.113892e+00 6.020725e-03 1.678428e-02 1.632483e-02
29300 1.117706e+00 5.939753e-03 1.652356e-02 1.606860e-02
29400 1.121521e+00 5.858379e-03 1.626363e-02 1.581505e-02
29500 1.125336e+00 5.776667e-03 1.600462e-02 1.556432e-02
29600 1.129150e+00 5.694678e-03 1.574665e-02 1.531653e-02
29700 1.132965e+00 5.612475e-03 1.548982e-02 1.507181e-02
29800 1.136780e+00 5.530118e-03 1.523425e-02 1.483027e-02
29900 1.140594e+00 5.447665e-03 1.498005e-02 1.459202e-02
30000 1.144409e+00 5.365173e-03 1.472732e-02 1.435715e-02
30100 1.148224e+00 5.282700e-03 1.447618e-02 1.412576e-02
30200 1.152039e+00 5.200299e-03 1.422673e-02 1.389793e-02
30300 1.155853e+00 5.118024e-03 1.397906e-02 1.367373e-02
30400 1.159668e+00 5.035926e-03 1.373328e-02 1.345322e-02
30500 1.163483e+00 4.954055e-03 1.348948e-02 1.323646e-02
30600 1.167297e+00 4.872458e-03 1.324776e-02 1.302352e-02
30700 1.171112e+00 4.791183e-03 1.300821e-02 1.281441e-02
30800 1.174927e+00 4.710274e-03 1.277091e-02 1.260919e-02
30900 1.178741e+00 4.629774e-03 1.253595e-02 1.240788e-02
31000 1.182556e+00 4.549725e-03 1.230341e-02 1.221050e-02
31100 1.186371e+00 4.470167e-03 1.207337e-02 1.201706e-02
31200 1.190186e+00 4.391136e-03 1.184591e-02 1.182757e-02
31300 1.194000e+00 4.312670e-03 1.162110e-02 1.164204e-02
31400 1.197815e+00 4.234804e-03 1.139901e-02 1.146045e-02
31500 1.201630e+00 4.157570e-03 1.117971e-02 1.128279e-02
31600 1.205444e+00 4.080999e-03 1.096326e-02 1.110905e-02
31700 1.209259e+00 4.005122e-03 1.074972e-02 1.093920e-02
31800 1.213074e+00 3.929966e-03 1.053916e-02 1.077320e-02
31900 1.216888e+00 3.855560e-03 1.033162e-02 1.061103e-02
32000 1.220703e+00 3.781927e-03 1.012715e-02 1.045265e-02
32100 1.224518e+00 3.709092e-03 9.925815e-03 1.029800e-02
32200 1.228333e+00 3.637078e-03 9.727651e-03 1.014704e-02
32300 1.232147e+00 3.565905e-03 9.532703e-03 9.999713e-03
32400 1.235962e+00 3.495593e-03 9.341011e-03 9.855958e-03
32500 1.239777e+00 3.426162e-03 9.152613e-03 9.715713e-03
32600 1.243591e+00 3.357627e-03 8.967543e-03 9.578910e-03
32700 1.247406e+00 3.290005e-03 8.785831e-03 9.445478e-03
32800 1.251221e+00 3.223311e-03 8.607507e-03 9.315344e-03
32900 1.255035e+00 3.157559e-03 8.432595e-03 9.188431e-03
33000 1.258850e+00 3.092761e-03 8.261118e-03 9.064659e-03
33100 1.262665e+00 3.028929e-03 8.093096e-03 8.943946e-03
33200 1.266479e+00 2.966073e-03 7.928545e-03 8.826209e-03
33300 1.270294e+00 2.904203e-03 7.767478e-03 8.711360e-03
33400 1.274109e+00 2.843327e-03 7.609906e-03 8.599313e-03
33500 1.277924e+00 2.783454e-03 7.455838e-03 8.489979e-03
33600 1.281738e+00 2.724590e-03 7.305277e-03 8.383269e-03
33700 1.285553e+00 2.666741e-03 7.158225e-03 8.279091e-03
33800 1.289368e+00 2.609913e-03 7.014681e-03 8.177354e-03
33900 1.293182e+00 2.554109e-03 6.874641e-03 8.077967e-03
34000 1.296997e+00 2.499335e-03 6.738097e-03 7.980839e-03
34100 1.300812e+00 2.445594e-03 6.605039e-03 7.885879e-03
34200 1.304626e+00 2.392887e-03 6.475453e-03 7.792997e-03
34300 1.308441e+00 2.341216e-03 6.349323e-03 7.702101e-03
34400 1.312256e+00 2.290584e-03 6.226629e-03 7.613105e-03
34500 1.316071e+00 2.240990e-03 6.107349e-03 7.525919e-03
34600 1.319885e+00 2.192434e-03 5.991457e-03 7.440458e-03
34700 1.323700e+00 2.144917e-03 5.878923e-03 7.356637e-03
34800 1.327515e+00 2.098437e-03 5.769717e-03 7.274373e-03
34900 1.331329e+00 2.052993e-03 5.663802e-03 7.193585e-03
35000 1.335144e+00 2.008582e-03 5.561141e-03 7.114193e-03
35100 1.338959e+00 1.965202e-03 5.461692e-03 7.036120e-03
35200 1.342773e+00 1.922850e-03 5.365412e-03 6.959292e-03
35300 1.346588e+00 1.881523e-03 5.272254e-03 6.883635e-03
35400 1.350403e+00 1.841216e-03 5.182169e-03 6.809082e-03
35500 1.354218e+00 1.801924e-03 5.095103e-03 6.735563e-03
35600 1.358032e+00 1.763643e-03 5.011003e-03 6.663014e-03
35700 1.361847e+00 1.726367e-03 4.929809e-03 6.591373e-03
35800 1.365662e+00 1.690090e-03 4.851463e-03 6.520581e-03
35900 1.369476e+00 1.654805e-03 4.775903e-03 6.450581e-03
36000 1.373291e+00 1.620505e-03 4.703063e-03 6.381319e-03
36100 1.377106e+00 1.587182e-03 4.632878e-03 6.312745e-03
36200 1.380920e+00 1.554828e-03 4.565280e-03 6.244809e-03
36300 1.384735e+00 1.523435e-03 4.500198e-03 6.177466e-03
36400 1.388550e+00 1.492992e-03 4.437564e-03 6.110674e-03
36500 1.392365e+00 1.463491e-03 4.377303e-03 6.044392e-03
36600 1.396179e+00 1.434919e-03 4.319342e-03 5.978584e-03
36700 1.399994e+00 1.407267e-03 4.263609e-03 5.913215e-03
36800 1.403809e+00 1.380521e-03 4.210029e-03 5.848253e-03
36900 1.407623e+00 1.354671e-03 4.158526e-03 5.783669e-03
37000 1.411438e+00 1.329702e-03 4.109026e-03 5.719435e-03
37100 1.415253e+00 1.305600e-03 4.061454e-03 5.655529e-03
37200 1.419067e+00 1.282352e-03 4.015736e-03 5.591929e-03
37300 1.422882e+00 1.259941e-03 3.971798e-03 5.528615e-03
37400 1.426697e+00 1.238352e-03 3.929565e-03 5.465570e-03
37500 1.430511e+00 1.217568e-03 3.888965e-03 5.402779e-03
37600 1.434326e+00 1.197573e-03 3.849928e-03 5.340231e-03
37700 1.438141e+00 1.178348e-03 3.812381e-03 5.277915e-03
37800 1.441956e+00 1.159874e-03 3.776257e-03 5.215822e-03
37900 1.445770e+00 1.142134e-03 3.741487e-03 5.153946e-03
38000 1.449585e+00 1.125107e-03 3.708006e-03 5.092283e-03
38100 1.453400e+00 1.108774e-03 3.675748e-03 5.030831e-03
38200 1.457214e+00 1.093113e-03 3.644652e-03 4.969588e-03
38300 1.461029e+00 1.078104e-03 3.614656e-03 4.908555e-03
38400 1.464844e+00 1.063725e-03 3.585702e-03 4.847735e-03
38500 1.468658e+00 1.049955e-03 3.557733e-03 4.787132e-03
38600 1.472473e+00 1.036772e-03 3.530693e-03 4.726751e-03
38700 1.476288e+00 1.024154e-03 3.504531e-03 4.666600e-03
38800 1.480103e+00 1.012078e-03 3.479195e-03 4.606685e-03
38900 1.483917e+00 1.000521e-03 3.454636e-03 4.547017e-03
39000 1.487732e+00 9.894623e-04 3.430808e-03 4.487606e-03
39100 1.491547e+00 9.788781e-04 3.407665e-03 4.428464e-03
39200 1.495361e+00 9.687462e-04 3.385166e-03 4.369603e-03
39300 1.499176e+00 9.590445e-04 3.363269e-03 4.311037e-03
39400 1.502991e+00 9.497509e-04 3.341935e-03 4.252780e-03
39500 1.506805e+00 9.408438e-04 3.321128e-03 4.194846e-03
39600 1.510620e+00 9.323017e-04 3.300811e-03 4.137253e-03
39700 1.514435e+00 9.241035e-04 3.280952e-03 4.080017e-03
39800 1.518250e+00 9.162287e-04 3.261519e-03 4.023154e-03
39900 1.522064e+00 9.086569e-04 3.242481e-03 3.966682e-03
40000 1.525879e+00 9.013686e-04 3.223810e-03 3.910619e-03
40100 1.529694e+00 8.943447e-04 3.205479e-03 3.854985e-03
40200 1.533508e+00 8.875665e-04 3.187462e-03 3.799796e-03
40300 1.537323e+00 8.810162e-04 3.169735e-03 3.745074e-03
40400 1.541138e+00 8.746761e-04 3.152274e-03 3.690836e-03
40500 1.544952e+00 8.685297e-04 3.135059e-03 3.637103e-03
40600 1.548767e+00 8.625608e-04 3.118069e-03 3.583893e-03
40700 1.552582e+00 8.567540e-04 3.101283e-03 3.531227e-03
40800 1.556396e+00 8.510945e-04 3.084684e-03 3.479123e-03
40900 1.560211e+00 8.455682e-04 3.068254e-03 3.427601e-03
41000 1.564026e+00 8.401615e-04 3.051977e-03 3.376681e-03
41100 1.567841e+00 8.348617e-04 3.035836e-03 3.326380e-03
41200 1.571655e+00 8.296568e-04 3.019817e-03 3.276719e-03
41300 1.575470e+00 8.245352e-04 3.003906e-03 3.227715e-03
41400 1.579285e+00 8.194860e-04 2.988089e-03 3.179386e-03
41500 1.583099e+00 8.144991e-04 2.972353e-03 3.131750e-03
41600 1.586914e+00 8.095648e-04 2.956686e-03 3.084823e-03
41700 1.590729e+00 8.046742e-04 2.941078e-03 3.038622e-03
41800 1.594543e+00 7.998187e-04 2.925515e-03 2.993162e-03
41900 1.598358e+00 7.949906e-04 2.909989e-03 2.948460e-03
42000 1.602173e+00 7.901826e-04 2.894488e-03 2.904528e-03
42100 1.605988e+00 7.853879e-04 2.879004e-03 2.861380e-03
42200 1.609802e+00 7.806001e-04 2.863527e-03 2.819029e-03
42300 1.613617e+00 7.758136e-04 2.848047e-03 2.777486e-03
42400 1.617432e+00 7.710231e-04 2.832557e-03 2.736763e-03
42500 1.621246e+00 7.662236e-04 2.817048e-03 2.696868e-03
42600 1.625061e+00 7.614108e-04 2.801513e-03 2.657810e-03
42700 1.628876e+00 7.565806e-04 2.785943e-03 2.619596e-03
42800 1.632690e+00 7.517295e-04 2.770332e-03 2.582234e-03
42900 1.636505e+00 7.468541e-04 2.754673e-03 2.545726e-03
43000 1.640320e+00 7.419517e-04 2.738959e-03 2.510078e-03
43100 1.644135e+00 7.370197e-04 2.723183e-03 2.475292e-03
43200 1.647949e+00 7.320558e-04 2.707339e-03 2.441368e-03
43300 1.651764e+00 7.270581e-04 2.691421e-03 2.408306e-03
43400 1.655579e+00 7.220251e-04 2.675424e-03 2.376104e-03
43500 1.659393e+00 7.169552e-04 2.659342e-03 2.344760e-03
43600 1.663208e+00 7.118474e-04 2.643170e-03 2.314269e-03
43700 1.667023e+00 7.067009e-04 2.626902e-03 2.284623e-03
43800 1.670837e+00 7.015150e-04 2.610535e-03 2.255818e-03
43900 1.674652e+00 6.962891e-04 2.594063e-03 2.227842e-03
44000 1.678467e+00 6.910232e-04 2.577482e-03 2.200686e-03
44100 1.682281e+00 6.857171e-04 2.560787e-03 2.174339e-03
44200 1.686096e+00 6.803709e-04 2.543976e-03 2.148786e-03
44300 1.689911e+00 6.749849e-04 2.527045e-03 2.124015e-03
44400 1.693726e+00 6.695596e-04 2.509989e-03 2.100009e-03
44500 1.697540e+00 6.640954e-04 2.492806e-03 2.076752e-03
44600 1.701355e+00 6.585931e-04 2.475493e-03 2.054225e-03
44700 1.705170e+00 6.530535e-04 2.458048e-03 2.032410e-03
44800 1.708984e+00 6.474775e-04 2.440466e-03 2.011286e-03
44900 1.712799e+00 6.418661e-04 2.422748e-03 1.990833e-03
45000 1.716614e+00 6.362204e-04 2.404889e-03 1.971029e-03
45100 1.720428e+00 6.305416e-04 2.386890e-03 1.951850e-03
45200 1.724243e+00 6.248309e-04 2.368747e-03 1.933273e-03
45300 1.728058e+00 6.190897e-04 2.350461e-03 1.915276e-03
45400 1.731873e+00 6.133194e-04 2.332030e-03 1.897832e-03
45500 1.735687e+00 6.075215e-04 2.313452e-03 1.880917e-03
45600 1.739502e+00 6.016973e-04 2.294729e-03 1.864506e-03
45700 1.743317e+00 5.958485e-04 2.275859e-03 1.848573e-03
45800 1.747131e+00 5.899767e-04 2.256843e-03 1.833092e-03
45900 1.750946e+00 5.840834e-04 2.237680e-03 1.818038e-03
46000 1.754761e+00 5.781703e-04 2.218372e-03 1.803385e-03
46100 1.758575e+00 5.722391e-04 2.198920e-03 1.789108e-03
46200 1.762390e+00 5.662914e-04 2.179323e-03 1.775180e-03
46300 1.766205e+00 5.603290e-04 2.159585e-03 1.761578e-03
46400 1.770020e+00 5.543536e-04 2.139705e-03 1.748275e-03
46500 1.773834e+00 5.483669e-04 2.119687e-03 1.735247e-03
46600 1.777649e+00 5.423706e-04 2.099531e-03 1.722471e-03
46700 1.781464e+00 5.363665e-04 2.079241e-03 1.709922e-03
46800 1.785278e+00 5.303563e-04 2.058820e-03 1.697579e-03
46900 1.789093e+00 5.243418e-04 2.038269e-03 1.685418e-03
47000 1.792908e+00 5.183247e-04 2.017591e-03 1.673419e-03
47100 1.796722e+00 5.123068e-04 1.996791e-03 1.661560e-03
47200 1.800537e+00 5.062897e-04 1.975872e-03 1.649821e-03
47300 1.804352e+00 5.002753e-04 1.954838e-03 1.638182e-03
47400 1.808167e+00 4.942651e-04 1.933691e-03 1.626625e-03
47500 1.811981e+00 4.882610e-04 1.912438e-03 1.615133e-03
47600 1.815796e+00 4.822645e-04 1.891081e-03 1.603688e-03
47700 1.819611e+00 4.762774e-04 1.869626e-03 1.592273e-03
47800 1.823425e+00 4.703014e-04 1.848078e-03 1.580875e-03
47900 1.827240e+00 4.643380e-04 1.826441e-03 1.569477e-03
48000 1.831055e+00 4.583890e-04 1.804721e-03 1.558068e-03
48100 1.834869e+00 4.524559e-04 1.782924e-03 1.546633e-03
48200 1.838684e+00 4.465403e-04 1.761054e-03 1.535160e-03
48300 1.842499e+00 4.406438e-04 1.739117e-03 1.523639e-03
48400 1.846313e+00 4.347680e-04 1.717121e-03 1.512060e-03
48500 1.850128e+00 4.289144e-04 1.695069e-03 1.500412e-03
48600 1.853943e+00 4.230845e-04 1.672970e-03 1.488687e-03
48700 1.857758e+00 4.172799e-04 1.650829e-03 1.476878e-03
48800 1.861572e+00 4.115021e-04 1.628653e-03 1.464976e-03
48900 1.865387e+00 4.057525e-04 1.606449e-03 1.452975e-03
49000 1.869202e+00 4.000325e-04 1.584223e-03 1.440870e-03
49100 1.873016e+00 3.943437e-04 1.561982e-03 1.428656e-03
49200 1.876831e+00 3.886874e-04 1.539735e-03 1.416328e-03
49300 1.880646e+00 3.830649e-04 1.517487e-03 1.403882e-03
49400 1.884460e+00 3.774778e-04 1.495246e-03 1.391316e-03
49500 1.888275e+00 3.719273e-04 1.473020e-03 1.378626e-03
49600 1.892090e+00 3.664148e-04 1.450817e-03 1.365812e-03
49700 1.895905e+00 3.609417e-04 1.428643e-03 1.352871e-03
49800 1.899719e+00 3.555091e-04 1.406507e-03 1.339803e-03
49900 1.903534e+00 3.501185e-04 1.384417e-03 1.326608e-03
50000 1.907349e+00 3.447710e-04 1.362380e-03 1.313286e-03
50100 1.911163e+00 3.394679e-04 1.340405e-03 1.299838e-03
50200 1.914978e+00 3.342105e-04 1.318500e-03 1.286265e-03
50300 1.918793e+00 3.290000e-04 1.296672e-03 1.272568e-03
50400 1.922607e+00 3.238375e-04 1.274930e-03 1.258750e-03
50500 1.926422e+00 3.187243e-04 1.253283e-03 1.244814e-03
50600 1.930237e+00 3.136614e-04 1.231738e-03 1.230761e-03
50700 1.934052e+00 3.086501e-04 1.210305e-03 1.216596e-03
50800 1.937866e+00 3.036915e-04 1.188991e-03 1.202321e-03
50900 1.941681e+00 2.987867e-04 1.167805e-03 1.187941e-03
51000 1.945496e+00 2.939367e-04 1.146756e-03 1.173460e-03
51100 1.949310e+00 2.891426e-04 1.125853e-03 1.158882e-03
51200 1.953125e+00 2.844055e-04 1.105103e-03 1.144212e-03
51300 1.956940e+00 2.797264e-04 1.084516e-03 1.129455e-03
51400 1.960754e+00 2.751063e-04 1.064100e-03 1.114616e-03
51500 1.964569e+00 2.705462e-04 1.043864e-03 1.099700e-03
51600 1.968384e+00 2.660470e-04 1.023817e-03 1.084714e-03
51700 1.972198e+00 2.616098e-04 1.003968e-03 1.069663e-03
51800 1.976013e+00 2.572354e-04 9.843249e-04 1.054553e-03
51900 1.979828e+00 2.529246e-04 9.648975e-04 1.039390e-03
52000 1.983643e+00 2.486784e-04 9.456942e-04 1.024181e-03
52100 1.987457e+00 2.444977e-04 9.267239e-04 1.008932e-03
52200 1.991272e+00 2.403832e-04 9.079956e-04 9.936486e-04
52300 1.995087e+00 2.363356e-04 8.895180e-04 9.783390e-04
52400 1.998901e+00 2.323558e-04 8.713001e-04 9.630093e-04
52500 2.002716e+00 2.284445e-04 8.533508e-04 9.476666e-04
52600 2.006531e+00 2.246024e-04 8.356788e-04 9.323177e-04
52700 2.010345e+00 2.208301e-04 8.182930e-04 9.169698e-04
52800 2.014160e+00 2.171281e-04 8.012021e-04 9.016300e-04
52900 2.017975e+00 2.134972e-04 7.844149e-04 8.863055e-04
53000 2.021790e+00 2.099378e-04 7.679400e-04 8.710035e-04
53100 2.025604e+00 2.064503e-04 7.517861e-04 8.557312e-04
53200 2.029419e+00 2.030353e-04 7.359615e-04 8.404961e-04
53300 2.033234e+00 1.996931e-04 7.204746e-04 8.253055e-04
53400 2.037048e+00 1.964240e-04 7.053337e-04 8.101668e-04
53500 2.040863e+00 1.932284e-04 6.905468e-04 7.950873e-04
53600 2.044678e+00 1.901063e-04 6.761217e-04 7.800747e-04
53700 2.048492e+00 1.870581e-04 6.620660e-04 7.651362e-04
53800 2.052307e+00 1.840837e-04 6.483871e-04 7.502793e-04
53900 2.056122e+00 1.811832e-04 6.350921e-04 7.355116e-04
54000 2.059937e+00 1.783565e-04 6.221874e-04 7.208406e-04
54100 2.063751e+00 1.756037e-04 6.096796e-04 7.062736e-04
54200 2.067566e+00 1.729243e-04 5.975742e-04 6.918183e-04
54300 2.071381e+00 1.703183e-04 5.858768e-04 6.774820e-04
54400 2.075195e+00 1.677852e-04 5.745920e-04 6.632723e-04
54500 2.079010e+00 1.653247e-04 5.637239e-04 6.491968e-04
54600 2.082825e+00 1.629362e-04 5.532760e-04 6.352628e-04
54700 2.086639e+00 1.606191e-04 5.432510e-04 6.214778e-04
54800 2.090454e+00 1.583728e-04 5.336507e-04 6.078494e-04
54900 2.094269e+00 1.561966e-04 5.244763e-04 5.943851e-04
55000 2.098083e+00 1.540895e-04 5.157279e-04 5.810922e-04
55100 2.101898e+00 1.520507e-04 5.074045e-04 5.679783e-04
55200 2.105713e+00 1.500792e-04 4.995044e-04 5.550508e-04
55300 2.109528e+00 1.481738e-04 4.920247e-04 5.423172e-04
55400 2.113342e+00 1.463334e-04 4.849613e-04 5.297849e-04
55500 2.117157e+00 1.445567e-04 4.783092e-04 5.174614e-04
55600 2.120972e+00 1.428425e-04 4.720622e-04 5.053540e-04
55700 2.124786e+00 1.411892e-04 4.662130e-04 4.934700e-04
55800 2.128601e+00 1.395955e-04 4.607532e-04 4.818170e-04
55900 2.132416e+00 1.380597e-04 4.556733e-04 4.704021e-04
56000 2.136230e+00 1.365803e-04 4.509630e-04 4.592326e-04
56100 2.140045e+00 1.351556e-04 4.466109e-04 4.483156e-04
56200 2.143860e+00 1.337839e-04 4.426045e-04 4.376582e-04
56300 2.147675e+00 1.324634e-04 4.389307e-04 4.272675e-04
56400 2.151489e+00 1.311923e-04 4.355757e-04 4.171502e-04
56500 2.155304e+00 1.299687e-04 4.325250e-04 4.073130e-04
56600 2.159119e+00 1.287908e-04 4.297634e-04 3.977625e-04
56700 2.162933e+00 1.276566e-04 4.272755e-04 3.885049e-04
56800 2.166748e+00 1.265642e-04 4.250453e-04 3.795461e-04
56900 2.170563e+00 1.255116e-04 4.230568e-04 3.708919e-04
57000 2.174377e+00 1.244970e-04 4.212938e-04 3.625476e-04
57100 2.178192e+00 1.235183e-04 4.197398e-04 3.545181e-04
57200 2.182007e+00 1.225736e-04 4.183786e-04 3.468077e-04
57300 2.185822e+00 1.216610e-04 4.171942e-04 3.394203e-04
57400 2.189636e+00 1.207785e-04 4.161705e-04 3.323593e-04
57500 2.193451e+00 1.199242e-04 4.152920e-04 3.256271e-04
57600 2.197266e+00 1.190962e-04 4.145434e-04 3.192256e-04
57700 2.201080e+00 1.182927e-04 4.139098e-04 3.131558e-04
57800 2.204895e+00 1.175119e-04 4.133768e-04 3.074179e-04
57900 2.208710e+00 1.167519e-04 4.129304e-04 3.020110e-04
58000 2.212524e+00 1.160111e-04 4.125573e-04 2.969334e-04
58100 2.216339e+00 1.152876e-04 4.122446e-04 2.921822e-04
58200 2.220154e+00 1.145799e-04 4.119800e-04 2.877536e-04
58300 2.223969e+00 1.138864e-04 4.117519e-04 2.836427e-04
58400 2.227783e+00 1.132055e-04 4.115491e-04 2.798434e-04
58500 2.231598e+00 1.125358e-04 4.113612e-04 2.763487e-04
58600 2.235413e+00 1.118757e-04 4.111781e-04 2.731503e-04
58700 2.239227e+00 1.112238e-04 4.109908e-04 2.702393e-04
58800 2.243042e+00 1.105790e-04 4.107903e-04 2.676056e-04
58900 2.246857e+00 1.099398e-04 4.105686e-04 2.652383e-04
59000 2.250671e+00 1.093051e-04 4.103180e-04 2.631258e-04
59100 2.254486e+00 1.086738e-04 4.100315e-04 2.612556e-04
59200 2.258301e+00 1.080447e-04 4.097025e-04 2.596150e-04
59300 2.262115e+00 1.074168e-04 4.093251e-04 2.581906e-04
59400 2.265930e+00 1.067891e-04 4.088938e-04 2.569687e-04
59500 2.269745e+00 1.061608e-04 4.084033e-04 2.559353e-04
59600 2.273560e+00 1.055309e-04 4.078493e-04 2.550766e-04
59700 2.277374e+00 1.048986e-04 4.072274e-04 2.543783e-04
59800 2.281189e+00 1.042633e-04 4.065339e-04 2.538267e-04
59900 2.285004e+00 1.036242e-04 4.057656e-04 2.534078e-04
60000 2.288818e+00 1.029806e-04 4.049193e-04 2.531082e-04
60100 2.292633e+00 1.023321e-04 4.039925e-04 2.529147e-04
60200 2.296448e+00 1.016780e-04 4.029830e-04 2.528144e-04
60300 2.300262e+00 1.010178e-04 4.018886e-04 2.527950e-04
60400 2.304077e+00 1.003512e-04 4.007079e-04 2.528446e-04
60500 2.307892e+00 9.967771e-05 3.994394e-04 2.529519e-04
60600 2.311707e+00 9.899700e-05 3.980821e-04 2.531060e-04
60700 2.315521e+00 9.830875e-05 3.966352e-04 2.532966e-04
60800 2.319336e+00 9.761273e-05 3.950979e-04 2.535140e-04
60900 2.323151e+00 9.690868e-05 3.934701e-04 2.537491e-04
61000 2.326965e+00 9.619645e-05 3.917516e-04 2.539933e-04
61100 2.330780e+00 9.547588e-05 3.899425e-04 2.542386e-04
61200 2.334595e+00 9.474685e-05 3.880430e-04 2.544775e-04
61300 2.338409e+00 9.400931e-05 3.860536e-04 2.547030e-04
61400 2.342224e+00 9.326319e-05 3.839748e-04 2.549089e-04
61500 2.346039e+00 9.250851e-05 3.818076e-04 2.550890e-04
61600 2.349854e+00 9.174527e-05 3.795528e-04 2.552381e-04
61700 2.353668e+00 9.097353e-05 3.772115e-04 2.553511e-04
61800 2.357483e+00 9.019335e-05 3.747848e-04 2.554236e-04
61900 2.361298e+00 8.940486e-05 3.722742e-04 2.554514e-04
62000 2.365112e+00 8.860818e-05 3.696810e-04 2.554308e-04
62100 2.368927e+00 8.780345e-05 3.670068e-04 2.553585e-04
62200 2.372742e+00 8.699086e-05 3.642532e-04 2.552316e-04
62300 2.376556e+00 8.617060e-05 3.614220e-04 2.550475e-04
62400 2.380371e+00 8.534290e-05 3.585150e-04 2.548038e-04
62500 2.384186e+00 8.450798e-05 3.555340e-04 2.544985e-04
62600 2.388000e+00 8.366610e-05 3.524810e-04 2.541300e-04
62700 2.391815e+00 8.281754e-05 3.493580e-04 2.536968e-04
62800 2.395630e+00 8.196258e-05 3.461673e-04 2.531978e-04
62900 2.399445e+00 8.110152e-05 3.429107e-04 2.526320e-04
63000 2.403259e+00 8.023470e-05 3.395907e-04 2.519986e-04
63100 2.407074e+00 7.936242e-05 3.362093e-04 2.512972e-04
63200 2.410889e+00 7.848504e-05 3.327690e-04 2.505274e-04
63300 2.414703e+00 7.760291e-05 3.292719e-04 2.496891e-04
63400 2.418518e+00 7.671639e-05 3.257204e-04 2.487823e-04
63500 2.422333e+00 7.582587e-05 3.221170e-04 2.478071e-04
63600 2.426147e+00 7.493172e-05 3.184639e-04 2.467640e-04
63700 2.429962e+00 7.403433e-05 3.147637e-04 2.456534e-04
63800 2.433777e+00 7.313410e-05 3.110186e-04 2.444758e-04
63900 2.437592e+00 7.223144e-05 3.072313e-04 2.432321e-04
64000 2.441406e+00 7.132677e-05 3.034041e-04 2.419229e-04
64100 2.445221e+00 7.042049e-05 2.995395e-04 2.405492e-04
64200 2.449036e+00 6.951303e-05 2.956400e-04 2.391121e-04
64300 2.452850e+00 6.860482e-05 2.917080e-04 2.376126e-04
64400 2.456665e+00 6.769628e-05 2.877460e-04 2.360519e-04
64500 2.460480e+00 6.678785e-05 2.837565e-04 2.344313e-04
64600 2.464294e+00 6.587996e-05 2.797419e-04 2.327520e-04
64700 2.468109e+00 6.497304e-05 2.757047e-04 2.310155e-04
64800 2.471924e+00 6.406755e-05 2.716473e-04 2.292231e-04
64900 2.475739e+00 6.316391e-05 2.675723e-04 2.273764e-04
65000 2.479553e+00 6.226256e-05 2.634819e-04 2.254769e-04
65100 2.483368e+00 6.136395e-05 2.593787e-04 2.235262e-04
65200 2.487183e+00 6.046851e-05 2.552651e-04 2.215258e-04
65300 2.490997e+00 5.957667e-05 2.511433e-04 2.194774e-04
65400 2.494812e+00 5.868888e-05 2.470158e-04 2.173826e-04
65500 2.498627e+00 5.780556e-05 2.428850e-04 2.152432e-04
65600 2.502441e+00 5.692715e-05 2.387531e-04 2.130609e-04
65700 2.506256e+00 5.605408e-05 2.346225e-04 2.108374e-04
65800 2.510071e+00 5.518677e-05 2.304955e-04 2.085744e-04
65900 2.513885e+00 5.432564e-05 2.263744e-04 2.062737e-04
66000 2.517700e+00 5.347110e-05 2.222613e-04 2.039370e-04
66100 2.521515e+00 5.262358e-05 2.181586e-04 2.015662e-04
66200 2.525330e+00 5.178347e-05 2.140684e-04 1.991630e-04
66300 2.529144e+00 5.095117e-05 2.099930e-04 1.967292e-04
66400 2.532959e+00 5.012709e-05 2.059344e-04 1.942665e-04
66500 2.536774e+00 4.931161e-05 2.018949e-04 1.917768e-04
66600 2.540588e+00 4.850512e-05 1.978765e-04 1.892618e-04
66700 2.544403e+00 4.770798e-05 1.938813e-04 1.867233e-04
66800 2.548218e+00 4.692056e-05 1.899115e-04 1.841631e-04
66900 2.552032e+00 4.614323e-05 1.859690e-04 1.815828e-04
67000 2.555847e+00 4.537633e-05 1.820559e-04 1.789843e-04
67100 2.559662e+00 4.462020e-05 1.781743e-04 1.763693e-04
67200 2.563477e+00 4.387517e-05 1.743260e-04 1.737394e-04
67300 2.567291e+00 4.314156e-05 1.705131e-04 1.710964e-04
67400 2.571106e+00 4.241967e-05 1.667375e-04 1.684421e-04
67500 2.574921e+00 4.170981e-05 1.630012e-04 1.657779e-04
67600 2.578735e+00 4.101225e-05 1.593061e-04 1.631057e-04
67700 2.582550e+00 4.032727e-05 1.556540e-04 1.604271e-04
67800 2.586365e+00 3.965511e-05 1.520469e-04 1.577436e-04
67900 2.590179e+00 3.899603e-05 1.484866e-04 1.550568e-04
68000 2.593994e+00 3.835024e-05 1.449749e-04 1.523684e-04
68100 2.597809e+00 3.771795e-05 1.415138e-04 1.496799e-04
68200 2.601624e+00 3.709937e-05 1.381050e-04 1.469929e-04
68300 2.605438e+00 3.649465e-05 1.347504e-04 1.443088e-04
68400 2.609253e+00 3.590396e-05 1.314518e-04 1.416291e-04
68500 2.613068e+00 3.532744e-05 1.282109e-04 1.389554e-04
68600 2.616882e+00 3.476519e-05 1.250295e-04 1.362891e-04
68700 2.620697e+00 3.421732e-05 1.219095e-04 1.336315e-04
68800 2.624512e+00 3.368390e-05 1.188525e-04 1.309842e-04
68900 2.628326e+00 3.316497e-05 1.158602e-04 1.283485e-04
69000 2.632141e+00 3.266058e-05 1.129346e-04 1.257258e-04
69100 2.635956e+00 3.217073e-05 1.100771e-04 1.231173e-04
69200 2.639771e+00 3.169539e-05 1.072895e-04 1.205245e-04
69300 2.643585e+00 3.123453e-05 1.045735e-04 1.179487e-04
69400 2.647400e+00 3.078808e-05 1.019307e-04 1.153910e-04
69500 2.651215e+00 3.035595e-05 9.936264e-05 1.128528e-04
69600 2.655029e+00 2.993802e-05 9.687091e-05 1.103353e-04
69700 2.658844e+00 2.953415e-05 9.445699e-05 1.078397e-04
69800 2.662659e+00 2.914418e-05 9.212232e-05 1.053673e-04
69900 2.666473e+00 2.876792e-05 8.986823e-05 1.029191e-04
70000 2.670288e+00 2.840515e-05 8.769602e-05 1.004965e-04
70100 2.674103e+00 2.805564e-05 8.560684e-05 9.810042e-05
70200 2.677917e+00 2.771912e-05 8.360176e-05 9.573213e-05
70300 2.681732e+00 2.739532e-05 8.168170e-05 9.339272e-05
70400 2.685547e+00 2.708393e-05 7.984742e-05 9.108328e-05
70500 2.689362e+00 2.678464e-05 7.809955e-05 8.880491e-05
70600 2.693176e+00 2.649710e-05 7.643851e-05 8.655868e-05
70700 2.696991e+00 2.622096e-05 7.486450e-05 8.434566e-05
70800 2.700806e+00 2.595584e-05 7.337754e-05 8.216692e-05
70900 2.704620e+00 2.570135e-05 7.197738e-05 8.002349e-05
71000 2.708435e+00 2.545710e-05 7.066352e-05 7.791642e-05
71100 2.712250e+00 2.522268e-05 6.943521e-05 7.584674e-05
71200 2.716064e+00 2.499766e-05 6.829140e-05 7.381548e-05
71300 2.719879e+00 2.478163e-05 6.723078e-05 7.182365e-05
71400 2.723694e+00 2.457414e-05 6.625173e-05 6.987228e-05
71500 2.727509e+00 2.437476e-05 6.535239e-05 6.796236e-05
71600 2.731323e+00 2.418305e-05 6.453058e-05 6.609490e-05
71700 2.735138e+00 2.399858e-05 6.378388e-05 6.427091e-05
71800 2.738953e+00 2.382090e-05 6.310961e-05 6.249137e-05
71900 2.742767e+00 2.364957e-05 6.250489e-05 6.075726e-05
72000 2.746582e+00 2.348417e-05 6.196660e-05 5.906957e-05
72100 2.750397e+00 2.332426e-05 6.149146e-05 5.742925e-05
72200 2.754211e+00 2.316944e-05 6.107605e-05 5.583725e-05
72300 2.758026e+00 2.301927e-05 6.071683e-05 5.429451e-05
72400 2.761841e+00 2.287337e-05 6.041017e-05 5.280193e-05
72500 2.765656e+00 2.273133e-05 6.015238e-05 5.136039e-05
72600 2.769470e+00 2.259278e-05 5.993976e-05 4.997074e-05
72700 2.773285e+00 2.245733e-05 5.976861e-05 4.863375e-05
72800 2.777100e+00 2.232464e-05 5.963525e-05 4.735019e-05
72900 2.780914e+00 2.219435e-05 5.953608e-05 4.612072e-05
73000 2.784729e+00 2.206613e-05 5.946757e-05 4.494596e-05
73100 2.788544e+00 2.193967e-05 5.942627e-05 4.382641e-05
73200 2.792358e+00 2.181464e-05 5.940887e-05 4.276247e-05
73300 2.796173e+00 2.169077e-05 5.941217e-05 4.175446e-05
73400 2.799988e+00 2.156778e-05 5.943311e-05 4.080252e-05
73500 2.803802e+00 2.144540e-05 5.946878e-05 3.990667e-05
73600 2.807617e+00 2.132338e-05 5.951642e-05 3.906676e-05
73700 2.811432e+00 2.120149e-05 5.957341e-05 3.828248e-05
73800 2.815247e+00 2.107951e-05 5.963730e-05 3.755331e-05
73900 2.819061e+00 2.095723e-05 5.970579e-05 3.687857e-05
74000 2.822876e+00 2.083446e-05 5.977673e-05 3.625736e-05
74100 2.826691e+00 2.071102e-05 5.984812e-05 3.568858e-05
74200 2.830505e+00 2.058675e-05 5.991811e-05 3.517093e-05
74300 2.834320e+00 2.046150e-05 5.998499e-05 3.470291e-05
74400 2.838135e+00 2.033512e-05 6.004719e-05 3.428285e-05
74500 2.841949e+00 2.020749e-05 6.010326e-05 3.390889e-05
74600 2.845764e+00 2.007849e-05 6.015189e-05 3.357901e-05
74700 2.849579e+00 1.994803e-05 6.019189e-05 3.329105e-05
74800 2.853394e+00 1.981600e-05 6.022216e-05 3.304275e-05
74900 2.857208e+00 1.968233e-05 6.024174e-05 3.283174e-05
75000 2.861023e+00 1.954695e-05 6.024975e-05 3.265558e-05
75100 2.864838e+00 1.940980e-05 6.024541e-05 3.251179e-05
75200 2.868652e+00 1.927083e-05 6.022805e-05 3.239786e-05
75300 2.872467e+00 1.912999e-05 6.019705e-05 3.231128e-05
75400 2.876282e+00 1.898727e-05 6.015190e-05 3.224959e-05
75500 2.880096e+00 1.884262e-05 6.009215e-05 3.221032e-05
75600 2.883911e+00 1.869603e-05 6.001743e-05 3.219111e-05
75700 2.887726e+00 1.854751e-05 5.992742e-05 3.218964e-05
75800 2.891541e+00 1.839705e-05 5.982187e-05 3.220368e-05
75900 2.895355e+00 1.824465e-05 5.970059e-05 3.223111e-05
76000 2.899170e+00 1.809034e-05 5.956344e-05 3.226989e-05
76100 2.902985e+00 1.793412e-05 5.941034e-05 3.231810e-05
76200 2.906799e+00 1.777603e-05 5.924123e-05 3.237393e-05
76300 2.910614e+00 1.761610e-05 5.905612e-05 3.243568e-05
76400 2.914429e+00 1.745437e-05 5.885504e-05 3.250175e-05
76500 2.918243e+00 1.729088e-05 5.863806e-05 3.257067e-05
76600 2.922058e+00 1.712567e-05 5.840531e-05 3.264106e-05
76700 2.925873e+00 1.695880e-05 5.815690e-05 3.271167e-05
76800 2.929688e+00 1.679033e-05 5.789303e-05 3.278133e-05
76900 2.933502e+00 1.662031e-05 5.761387e-05 3.284897e-05
77000 2.937317e+00 1.644881e-05 5.731965e-05 3.291362e-05
77100 2.941132e+00 1.627589e-05 5.701061e-05 3.297441e-05
77200 2.944946e+00 1.610163e-05 5.668702e-05 3.303052e-05
77300 2.948761e+00 1.592609e-05 5.634915e-05 3.308124e-05
77400 2.952576e+00 1.574936e-05 5.599731e-05 3.312593e-05
77500 2.956390e+00 1.557151e-05 5.563181e-05 3.316402e-05
77600 2.960205e+00 1.539262e-05 5.525298e-05 3.319499e-05
77700 2.964020e+00 1.521277e-05 5.486116e-05 3.321840e-05
77800 2.967834e+00 1.503206e-05 5.445670e-05 3.323387e-05
77900 2.971649e+00 1.485056e-05 5.403997e-05 3.324105e-05
78000 2.975464e+00 1.466836e-05 5.361134e-05 3.323967e-05
78100 2.979279e+00 1.448555e-05 5.317120e-05 3.322948e-05
78200 2.983093e+00 1.430222e-05 5.271992e-05 3.321028e-05
78300 2.986908e+00 1.411847e-05 5.225790e-05 3.318193e-05
78400 2.990723e+00 1.393438e-05 5.178555e-05 3.314430e-05
78500 2.994537e+00 1.375004e-05 5.130326e-05 3.309730e-05
78600 2.998352e+00 1.356556e-05 5.081145e-05 3.304089e-05
78700 3.002167e+00 1.338101e-05 5.031052e-05 3.297503e-05
78800 3.005981e+00 1.319650e-05 4.980088e-05 3.289973e-05
78900 3.009796e+00 1.301213e-05 4.928296e-05 3.281501e-05
79000 3.013611e+00 1.282798e-05 4.875716e-05 3.272092e-05
79100 3.017426e+00 1.264414e-05 4.822389e-05 3.261753e-05
79200 3.021240e+00 1.246072e-05 4.768358e-05 3.250493e-05
79300 3.025055e+00 1.227780e-05 4.713664e-05 3.238321e-05
79400 3.028870e+00 1.209548e-05 4.658348e-05 3.225251e-05
79500 3.032684e+00 1.191385e-05 4.602452e-05 3.211296e-05
79600 3.036499e+00 1.173300e-05 4.546015e-05 3.196470e-05
79700 3.040314e+00 1.155303e-05 4.489080e-05 3.180789e-05
79800 3.044128e+00 1.137402e-05 4.431686e-05 3.164271e-05
79900 3.047943e+00 1.119607e-05 4.373873e-05 3.146933e-05
80000 3.051758e+00 1.101925e-05 4.315682e-05 3.128794e-05
80100 3.055573e+00 1.084367e-05 4.257152e-05 3.109874e-05
80200 3.059387e+00 1.066940e-05 4.198321e-05 3.090194e-05
80300 3.063202e+00 1.049653e-05 4.139228e-05 3.069773e-05
80400 3.067017e+00 1.032515e-05 4.079912e-05 3.048633e-05
80500 3.070831e+00 1.015534e-05 4.020410e-05 3.026797e-05
80600 3.074646e+00 9.987170e-06 3.960759e-05 3.004287e-05
80700 3.078461e+00 9.820734e-06 3.900996e-05 2.981124e-05
80800 3.082275e+00 9.656102e-06 3.841157e-05 2.957333e-05
80900 3.086090e+00 9.493353e-06 3.781278e-05 2.932935e-05
81000 3.089905e+00 9.332559e-06 3.721395e-05 2.907955e-05
81100 3.093719e+00 9.173795e-06 3.661540e-05 2.882416e-05
81200 3.097534e+00 9.017130e-06 3.601749e-05 2.856340e-05
81300 3.101349e+00 8.862632e-06 3.542055e-05 2.829753e-05
81400 3.105164e+00 8.710368e-06 3.482490e-05 2.802676e-05
81500 3.108978e+00 8.560400e-06 3.423087e-05 2.775134e-05
81600 3.112793e+00 8.412792e-06 3.363878e-05 2.747151e-05
81700 3.116608e+00 8.267601e-06 3.304894e-05 2.718748e-05
81800 3.120422e+00 8.124884e-06 3.246164e-05 2.689950e-05
81900 3.124237e+00 7.984693e-06 3.187719e-05 2.660780e-05
82000 3.128052e+00 7.847080e-06 3.129588e-05 2.631260e-05
82100 3.131866e+00 7.712092e-06 3.071800e-05 2.601414e-05
82200 3.135681e+00 7.579774e-06 3.014383e-05 2.571263e-05
82300 3.139496e+00 7.450165e-06 2.957363e-05 2.540830e-05
82400 3.143311e+00 7.323305e-06 2.900769e-05 2.510137e-05
82500 3.147125e+00 7.199227e-06 2.844625e-05 2.479205e-05
82600 3.150940e+00 7.077962e-06 2.788958e-05 2.448057e-05
82700 3.154755e+00 6.959537e-06 2.733793e-05 2.416712e-05
82800 3.158569e+00 6.843973e-06 2.679154e-05 2.385193e-05
82900 3.162384e+00 6.731291e-06 2.625065e-05 2.353520e-05
83000 3.166199e+00 6.621504e-06 2.571549e-05 2.321712e-05
83100 3.170013e+00 6.514623e-06 2.518629e-05 2.289790e-05
83200 3.173828e+00 6.410653e-06 2.466326e-05 2.257774e-05
83300 3.177643e+00 6.309596e-06 2.414663e-05 2.225681e-05
83400 3.181458e+00 6.211448e-06 2.363661e-05 2.193532e-05
83500 3.185272e+00 6.116202e-06 2.313338e-05 2.161344e-05
83600 3.189087e+00 6.023844e-06 2.263717e-05 2.129137e-05
83700 3.192902e+00 5.934358e-06 2.214815e-05 2.096926e-05
83800 3.196716e+00 5.847721e-06 2.166652e-05 2.064731e-05
83900 3.200531e+00 5.763906e-06 2.119244e-05 2.032567e-05
84000 3.204346e+00 5.682881e-06 2.072611e-05 2.000452e-05
84100 3.208160e+00 5.604610e-06 2.026769e-05 1.968401e-05
84200 3.211975e+00 5.529052e-06 1.981734e-05 1.936430e-05
84300 3.215790e+00 5.456161e-06 1.937523e-05 1.904556e-05
84400 3.219604e+00 5.385888e-06 1.894149e-05 1.872792e-05
84500 3.223419e+00 5.318178e-06 1.851629e-05 1.841153e-05
84600 3.227234e+00 5.252972e-06 1.809975e-05 1.809655e-05
84700 3.231049e+00 5.190210e-06 1.769201e-05 1.778310e-05
84800 3.234863e+00 5.129825e-06 1.729320e-05 1.747133e-05
84900 3.238678e+00 5.071748e-06 1.690345e-05 1.716136e-05
85000 3.242493e+00 5.015907e-06 1.652285e-05 1.685332e-05
85100 3.246307e+00 4.962227e-06 1.615151e-05 1.654734e-05
85200 3.250122e+00 4.910630e-06 1.578954e-05 1.624354e-05
85300 3.253937e+00 4.861037e-06 1.543702e-05 1.594204e-05
85400 3.257751e+00 4.813367e-06 1.509403e-05 1.564294e-05
85500 3.261566e+00 4.767537e-06 1.476064e-05 1.534637e-05
85600 3.265381e+00 4.723461e-06 1.443691e-05 1.505242e-05
85700 3.269196e+00 4.681055e-06 1.412290e-05 1.476120e-05
85800 3.273010e+00 4.640234e-06 1.381863e-05 1.447281e-05
85900 3.276825e+00 4.600910e-06 1.352415e-05 1.418735e-05
86000 3.280640e+00 4.563001e-06 1.323946e-05 1.390491e-05
86100 3.284454e+00 4.526418e-06 1.296457e-05 1.362558e-05
86200 3.288269e+00 4.491077e-06 1.269946e-05 1.334944e-05
86300 3.292084e+00 4.456895e-06 1.244412e-05 1.307660e-05
86400 3.295898e+00 4.423790e-06 1.219849e-05 1.280711e-05
86500 3.299713e+00 4.391679e-06 1.196253e-05 1.254107e-05
86600 3.303528e+00 4.360486e-06 1.173615e-05 1.227855e-05
86700 3.307343e+00 4.330129e-06 1.151929e-05 1.201961e-05
86800 3.311157e+00 4.300535e-06 1.131182e-05 1.176434e-05
86900 3.314972e+00 4.271630e-06 1.111362e-05 1.151280e-05
87000 3.318787e+00 4.243346e-06 1.092456e-05 1.126504e-05
87100 3.322601e+00 4.215609e-06 1.074448e-05 1.102115e-05
87200 3.326416e+00 4.188357e-06 1.057320e-05 1.078117e-05
87300 3.330231e+00 4.161525e-06 1.041053e-05 1.054515e-05
87400 3.334045e+00 4.135055e-06 1.025628e-05 1.031317e-05
87500 3.337860e+00 4.108887e-06 1.011020e-05 1.008526e-05
87600 3.341675e+00 4.082965e-06 9.972073e-06 9.861482e-06
87700 3.345490e+00 4.057239e-06 9.841639e-06 9.641877e-06
87800 3.349304e+00 4.031658e-06 9.718634e-06 9.426491e-06
87900 3.353119e+00 4.006175e-06 9.602783e-06 9.215367e-06
88000 3.356934e+00 3.980749e-06 9.493800e-06 9.008545e-06
88100 3.360748e+00 3.955337e-06 9.391390e-06 8.806062e-06
88200 3.364563e+00 3.929901e-06 9.295251e-06 8.607955e-06
88300 3.368378e+00 3.904403e-06 9.205074e-06 8.414255e-06
88400 3.372192e+00 3.878815e-06 9.120549e-06 8.224992e-06
88500 3.376007e+00 3.853101e-06 9.041361e-06 8.040195e-06
88600 3.379822e+00 3.827238e-06 8.967195e-06 7.859888e-06
88700 3.383636e+00 3.801197e-06 8.897736e-06 7.684094e-06
88800 3.387451e+00 3.774955e-06 8.832672e-06 7.512831e-06
88900 3.391266e+00 3.748493e-06 8.771695e-06 7.346117e-06
89000 3.395081e+00 3.721790e-06 8.714501e-06 7.183963e-06
89100 3.398895e+00 3.694831e-06 8.660791e-06 7.026380e-06
89200 3.402710e+00 3.667603e-06 8.610274e-06 6.873375e-06
89300 3.406525e+00 3.640089e-06 8.562668e-06 6.724949e-06
89400 3.410339e+00 3.612281e-06 8.517698e-06 6.581102e-06
89500 3.414154e+00 3.584173e-06 8.475100e-06 6.441829e-06
89600 3.417969e+00 3.555752e-06 8.434619e-06 6.307119e-06
89700 3.421783e+00 3.527018e-06 8.396010e-06 6.176959e-06
89800 3.425598e+00 3.497964e-06 8.359041e-06 6.051330e-06
89900 3.429413e+00 3.468589e-06 8.323489e-06 5.930208e-06
90000 3.433228e+00 3.438889e-06 8.289145e-06 5.813565e-06
90100 3.437042e+00 3.408870e-06 8.255807e-06 5.701365e-06
90200 3.440857e+00 3.378531e-06 8.223288e-06 5.593569e-06
90300 3.444672e+00 3.347875e-06 8.191412e-06 5.490132e-06
90400 3.448486e+00 3.316904e-06 8.160011e-06 5.391001e-06
90500 3.452301e+00 3.285626e-06 8.128932e-06 5.296119e-06
90600 3.456116e+00 3.254048e-06 8.098030e-06 5.205422e-06
90700 3.459930e+00 3.222176e-06 8.067172e-06 5.118841e-06
90800 3.463745e+00 3.190017e-06 8.036232e-06 5.036299e-06
90900 3.467560e+00 3.157581e-06 8.005098e-06 4.957715e-06
91000 3.471375e+00 3.124880e-06 7.973664e-06 4.883000e-06
91100 3.475189e+00 3.091920e-06 7.941836e-06 4.812061e-06
91200 3.479004e+00 3.058714e-06 7.909525e-06 4.744799e-06
91300 3.482819e+00 3.025276e-06 7.876653e-06 4.681108e-06
91400 3.486633e+00 2.991616e-06 7.843149e-06 4.620880e-06
91500 3.490448e+00 2.957750e-06 7.808951e-06 4.564001e-06
91600 3.494263e+00 2.923687e-06 7.774000e-06 4.510353e-06
91700 3.498077e+00 2.889444e-06 7.738249e-06 4.459814e-06
91800 3.501892e+00 2.855034e-06 7.701653e-06 4.412259e-06
91900 3.505707e+00 2.820473e-06 7.664175e-06 4.367561e-06
92000 3.509521e+00 2.785775e-06 7.625785e-06 4.325591e-06
92100 3.513336e+00 2.750954e-06 7.586456e-06 4.286218e-06
92200 3.517151e+00 2.716030e-06 7.546167e-06 4.249310e-06
92300 3.520966e+00 2.681014e-06 7.504902e-06 4.214735e-06
92400 3.524780e+00 2.645924e-06 7.462648e-06 4.182361e-06
92500 3.528595e+00 2.610778e-06 7.419398e-06 4.152058e-06
92600 3.532410e+00 2.575589e-06 7.375148e-06 4.123695e-06
92700 3.536224e+00 2.540376e-06 7.329897e-06 4.097145e-06
92800 3.540039e+00 2.505155e-06 7.283648e-06 4.072282e-06
92900 3.543854e+00 2.469941e-06 7.236408e-06 4.048982e-06
93000 3.547668e+00 2.434752e-06 7.188185e-06 4.027124e-06
93100 3.551483e+00 2.399604e-06 7.138990e-06 4.006593e-06
93200 3.555298e+00 2.364515e-06 7.088838e-06 3.987274e-06
93300 3.559113e+00 2.329501e-06 7.037745e-06 3.969057e-06
93400 3.562927e+00 2.294579e-06 6.985729e-06 3.951836e-06
93500 3.566742e+00 2.259763e-06 6.932810e-06 3.935510e-06
93600 3.570557e+00 2.225074e-06 6.879010e-06 3.919981e-06
93700 3.574371e+00 2.190523e-06 6.824352e-06 3.905156e-06
93800 3.578186e+00 2.156129e-06 6.768862e-06 3.890945e-06
93900 3.582001e+00 2.121909e-06 6.712565e-06 3.877264e-06
94000 3.585815e+00 2.087878e-06 6.655487e-06 3.864033e-06
94100 3.589630e+00 2.054050e-06 6.597659e-06 3.851176e-06
94200 3.593445e+00 2.020444e-06 6.539108e-06 3.838621e-06
94300 3.597260e+00 1.987073e-06 6.479864e-06 3.826300e-06
94400 3.601074e+00 1.953952e-06 6.419958e-06 3.814151e-06
94500 3.604889e+00 1.921097e-06 6.359422e-06 3.802113e-06
94600 3.608704e+00 1.888521e-06 6.298285e-06 3.790132e-06
94700 3.612518e+00 1.856241e-06 6.236582e-06 3.778155e-06
94800 3.616333e+00 1.824271e-06 6.174342e-06 3.766134e-06
94900 3.620148e+00 1.792623e-06 6.111601e-06 3.754025e-06
95000 3.623962e+00 1.761311e-06 6.048388e-06 3.741787e-06
95100 3.627777e+00 1.730349e-06 5.984739e-06 3.729380e-06
95200 3.631592e+00 1.699752e-06 5.920685e-06 3.716771e-06
95300 3.635406e+00 1.669530e-06 5.856259e-06 3.703928e-06
95400 3.639221e+00 1.639695e-06 5.791493e-06 3.690820e-06
95500 3.643036e+00 1.610261e-06 5.726421e-06 3.677422e-06
95600 3.646851e+00 1.581238e-06 5.661074e-06 3.663710e-06
95700 3.650665e+00 1.552638e-06 5.595484e-06 3.649662e-06
95800 3.654480e+00 1.524474e-06 5.529684e-06 3.635258e-06
95900 3.658295e+00 1.496754e-06 5.463705e-06 3.620482e-06
96000 3.662109e+00 1.469489e-06 5.397578e-06 3.605319e-06
96100 3.665924e+00 1.442686e-06 5.331334e-06 3.589755e-06
96200 3.669739e+00 1.416358e-06 5.265003e-06 3.573778e-06
96300 3.673553e+00 1.390513e-06 5.198615e-06 3.557381e-06
96400 3.677368e+00 1.365157e-06 5.132199e-06 3.540554e-06
96500 3.681183e+00 1.340300e-06 5.065785e-06 3.523291e-06
96600 3.684998e+00 1.315948e-06 4.999401e-06 3.505586e-06
96700 3.688812e+00 1.292108e-06 4.933076e-06 3.487437e-06
96800 3.692627e+00 1.268785e-06 4.866835e-06 3.468841e-06
96900 3.696442e+00 1.245984e-06 4.800707e-06 3.449796e-06
97000 3.700256e+00 1.223712e-06 4.734718e-06 3.430302e-06
97100 3.704071e+00 1.201972e-06 4.668893e-06 3.410360e-06
97200 3.707886e+00 1.180767e-06 4.603258e-06 3.389972e-06
97300 3.711700e+00 1.160099e-06 4.537836e-06 3.369140e-06
97400 3.715515e+00 1.139973e-06 4.472653e-06 3.347868e-06
97500 3.719330e+00 1.120387e-06 4.407730e-06 3.326161e-06
97600 3.723145e+00 1.101343e-06 4.343092e-06 3.304023e-06
97700 3.726959e+00 1.082841e-06 4.278760e-06 3.281460e-06
97800 3.730774e+00 1.064879e-06 4.214755e-06 3.258478e-06
97900 3.734589e+00 1.047454e-06 4.151098e-06 3.235084e-06
98000 3.738403e+00 1.030567e-06 4.087810e-06 3.211285e-06
98100 3.742218e+00 1.014212e-06 4.024910e-06 3.187090e-06
98200 3.746033e+00 9.983847e-07 3.962417e-06 3.162507e-06
98300 3.749847e+00 9.830801e-07 3.900349e-06 3.137543e-06
98400 3.753662e+00 9.682921e-07 3.838724e-06 3.112210e-06
98500 3.757477e+00 9.540141e-07 3.777559e-06 3.086515e-06
98600 3.761292e+00 9.402385e-07 3.716871e-06 3.060469e-06
98700 3.765106e+00 9.269562e-07 3.656675e-06 3.034082e-06
98800 3.768921e+00 9.141591e-07 3.596987e-06 3.007364e-06
98900 3.772736e+00 9.018362e-07 3.537822e-06 2.980325e-06
99000 3.776550e+00 8.899775e-07 3.479192e-06 2.952977e-06
99100 3.780365e+00 8.785710e-07 3.421113e-06 2.925330e-06
99200 3.784180e+00 8.676050e-07 3.363596e-06 2.897396e-06
99300 3.787994e+00 8.570668e-07 3.306655e-06 2.869186e-06
99400 3.791809e+00 8.469432e-07 3.250300e-06 2.840710e-06
99500 3.795624e+00 8.372206e-07 3.194544e-06 2.811982e-06
99600 3.799438e+00 8.278847e-07 3.139397e-06 2.783012e-06
99700 3.803253e+00 8.189209e-07 3.084868e-06 2.753811e-06
99800 3.807068e+00 8.103147e-07 3.030968e-06 2.724392e-06
99900 3.810883e+00 8.020503e-07 2.977706e-06 2.694767e-06
100000 3.814697e+00 7.941129e-07 2.925090e-06 2.664947e-06
100100 3.818512e+00 7.864868e-07 2.873129e-06 2.634944e-06
100200 3.822327e+00 7.791561e-07 2.821829e-06 2.604771e-06
100300 3.826141e+00 7.721057e-07 2.771199e-06 2.574438e-06
100400 3.829956e+00 7.653194e-07 2.721244e-06 2.543958e-06
100500 3.833771e+00 7.587816e-07 2.671972e-06 2.513342e-06
100600 3.837585e+00 7.524773e-07 2.623387e-06 2.482603e-06
100700 3.841400e+00 7.463914e-07 2.575495e-06 2.451752e-06
100800 3.845215e+00 7.405081e-07 2.528300e-06 2.420801e-06
100900 3.849030e+00 7.348131e-07 2.481808e-06 2.389761e-06
101000 3.852844e+00 7.292918e-07 2.436023e-06 2.358645e-06
101100 3.856659e+00 7.239306e-07 2.390947e-06 2.327464e-06
101200 3.860474e+00 7.187145e-07 2.346584e-06 2.296229e-06
101300 3.864288e+00 7.136314e-07 2.302936e-06 2.264952e-06
101400 3.868103e+00 7.086680e-07 2.260007e-06 2.233644e-06
101500 3.871918e+00 7.038122e-07 2.217798e-06 2.202317e-06
101600 3.875732e+00 6.990513e-07 2.176311e-06 2.170981e-06
101700 3.879547e+00 6.943741e-07 2.135547e-06 2.139648e-06
101800 3.883362e+00 6.897696e-07 2.095507e-06 2.108329e-06
101900 3.887177e+00 6.852287e-07 2.056192e-06 2.077034e-06
102000 3.890991e+00 6.807392e-07 2.017601e-06 2.045775e-06
102100 3.894806e+00 6.762927e-07 1.979735e-06 2.014563e-06
102200 3.898621e+00 6.718790e-07 1.942592e-06 1.983407e-06
102300 3.902435e+00 6.674921e-07 1.906173e-06 1.952319e-06
102400 3.906250e+00 6.631237e-07 1.870476e-06 1.921308e-06
102500 3.910065e+00 6.587636e-07 1.835500e-06 1.890385e-06
102600 3.913879e+00 6.544085e-07 1.801242e-06 1.859561e-06
102700 3.917694e+00 6.500488e-07 1.767701e-06 1.828845e-06
102800 3.921509e+00 6.456809e-07 1.734873e-06 1.798247e-06
102900 3.925323e+00 6.412971e-07 1.702757e-06 1.767777e-06
103000 3.929138e+00 6.368949e-07 1.671348e-06 1.737446e-06
103100 3.932953e+00 6.324672e-07 1.640644e-06 1.707261e-06
103200 3.936768e+00 6.280123e-07 1.610641e-06 1.677234e-06
103300 3.940582e+00 6.235240e-07 1.581333e-06 1.647373e-06
103400 3.944397e+00 6.189996e-07 1.552718e-06 1.617687e-06
103500 3.948212e+00 6.144366e-07 1.524789e-06 1.588187e-06
103600 3.952026e+00 6.098331e-07 1.497543e-06 1.558880e-06
103700 3.955841e+00 6.051841e-07 1.470972e-06 1.529776e-06
103800 3.959656e+00 6.004913e-07 1.445072e-06 1.500884e-06
103900 3.963470e+00 5.957505e-07 1.419835e-06 1.472212e-06
104000 3.967285e+00 5.909590e-07 1.395257e-06 1.443769e-06
104100 3.971100e+00 5.861196e-07 1.371329e-06 1.415563e-06
104200 3.974915e+00 5.812303e-07 1.348044e-06 1.387604e-06
104300 3.978729e+00 5.762874e-07 1.325395e-06 1.359899e-06
104400 3.982544e+00 5.712947e-07 1.303374e-06 1.332457e-06
104500 3.986359e+00 5.662507e-07 1.281972e-06 1.305285e-06
104600 3.990173e+00 5.611559e-07 1.261181e-06 1.278393e-06
104700 3.993988e+00 5.560093e-07 1.240992e-06 1.251787e-06
104800 3.997803e+00 5.508118e-07 1.221396e-06 1.225476e-06
104900 4.001617e+00 5.455663e-07 1.202382e-06 1.199467e-06
105000 4.005432e+00 5.402705e-07 1.183942e-06 1.173769e-06
105100 4.009247e+00 5.349294e-07 1.166064e-06 1.148389e-06
105200 4.013062e+00 5.295408e-07 1.148737e-06 1.123335e-06
105300 4.016876e+00 5.241085e-07 1.131952e-06 1.098614e-06
105400 4.020691e+00 5.186322e-07 1.115697e-06 1.074233e-06
105500 4.024506e+00 5.131160e-07 1.099960e-06 1.050201e-06
105600 4.028320e+00 5.075581e-07 1.084730e-06 1.026525e-06
105700 4.032135e+00 5.019644e-07 1.069994e-06 1.003211e-06
105800 4.035950e+00 4.963335e-07 1.055741e-06 9.802683e-07
105900 4.039764e+00 4.906697e-07 1.041958e-06 9.577027e-07
106000 4.043579e+00 4.849735e-07 1.028632e-06 9.355220e-07
106100 4.047394e+00 4.792494e-07 1.015751e-06 9.137331e-07
106200 4.051208e+00 4.734963e-07 1.003301e-06 8.923434e-07
106300 4.055023e+00 4.677208e-07 9.912702e-07 8.713598e-07
106400 4.058838e+00 4.619217e-07 9.796447e-07 8.507894e-07
106500 4.062653e+00 4.561039e-07 9.684113e-07 8.306390e-07
106600 4.066467e+00 4.502685e-07 9.575569e-07 8.109158e-07
106700 4.070282e+00 4.444183e-07 9.470680e-07 7.916263e-07
106800 4.074097e+00 4.385564e-07 9.369314e-07 7.727774e-07
106900 4.077911e+00 4.326840e-07 9.271337e-07 7.543757e-07
107000 4.081726e+00 4.268062e-07 9.176616e-07 7.364276e-07
107100 4.085541e+00 4.209222e-07 9.085021e-07 7.189396e-07
107200 4.089355e+00 4.150373e-07 8.996419e-07 7.019178e-07
107300 4.093170e+00 4.091549e-07 8.910681e-07 6.853681e-07
107400 4.096985e+00 4.032740e-07 8.827679e-07 6.692964e-07
107500 4.100800e+00 3.974002e-07 8.747285e-07 6.537080e-07
107600 4.104614e+00 3.915369e-07 8.669375e-07 6.386082e-07
107700 4.108429e+00 3.856834e-07 8.593825e-07 6.240016e-07
107800 4.112244e+00 3.798452e-07 8.520515e-07 6.098927e-07
107900 4.116058e+00 3.740218e-07 8.449326e-07 5.962852e-07
108000 4.119873e+00 3.682207e-07 8.380143e-07 5.831825e-07
108100 4.123688e+00 3.624394e-07 8.312850e-07 5.705874e-07
108200 4.127502e+00 3.566833e-07 8.247339e-07 5.585018e-07
108300 4.131317e+00 3.509562e-07 8.183501e-07 5.469270e-07
108400 4.135132e+00 3.452576e-07 8.121230e-07 5.358634e-07
108500 4.138947e+00 3.395889e-07 8.060427e-07 5.253107e-07
108600 4.142761e+00 3.339579e-07 8.000991e-07 5.152673e-07
108700 4.146576e+00 3.283622e-07 7.942827e-07 5.057309e-07
108800 4.150391e+00 3.228073e-07 7.885842e-07 4.966978e-07
108900 4.154205e+00 3.172929e-07 7.829949e-07 4.881635e-07
109000 4.158020e+00 3.118227e-07 7.775060e-07 4.801220e-07
109100 4.161835e+00 3.063982e-07 7.721094e-07 4.725663e-07
109200 4.165649e+00 3.010232e-07 7.667970e-07 4.654879e-07
109300 4.169464e+00 2.956973e-07 7.615614e-07 4.588775e-07
109400 4.173279e+00 2.904262e-07 7.563952e-07 4.527242e-07
109500 4.177094e+00 2.852075e-07 7.512914e-07 4.470161e-07
109600 4.180908e+00 2.800489e-07 7.462434e-07 4.417400e-07
109700 4.184723e+00 2.749460e-07 7.412449e-07 4.368818e-07
109800 4.188538e+00 2.699066e-07 7.362899e-07 4.324263e-07
109900 4.192352e+00 2.649283e-07 7.313725e-07 4.283575e-07
110000 4.196167e+00 2.600147e-07 7.264876e-07 4.246584e-07
110100 4.199982e+00 2.551694e-07 7.216298e-07 4.213116e-07
110200 4.203796e+00 2.503902e-07 7.167943e-07 4.182987e-07
110300 4.207611e+00 2.456808e-07 7.119767e-07 4.156014e-07
110400 4.211426e+00 2.410426e-07 7.071725e-07 4.132007e-07
110500 4.215240e+00 2.364792e-07 7.023778e-07 4.110775e-07
110600 4.219055e+00 2.319884e-07 6.975887e-07 4.092126e-07
110700 4.222870e+00 2.275736e-07 6.928018e-07 4.075871e-07
110800 4.226685e+00 2.232365e-07 6.880138e-07 4.061818e-07
110900 4.230499e+00 2.189766e-07 6.832216e-07 4.049782e-07
111000 4.234314e+00 2.147973e-07 6.784224e-07 4.039580e-07
111100 4.238129e+00 2.107000e-07 6.736136e-07 4.031032e-07
111200 4.241943e+00 2.066826e-07 6.687928e-07 4.023965e-07
111300 4.245758e+00 2.027481e-07 6.639578e-07 4.018210e-07
111400 4.249573e+00 1.988980e-07 6.591066e-07 4.013606e-07
111500 4.253387e+00 1.951318e-07 6.542374e-07 4.009998e-07
111600 4.257202e+00 1.914506e-07 6.493485e-07 4.007236e-07
111700 4.261017e+00 1.878557e-07 6.444386e-07 4.005179e-07
111800 4.264832e+00 1.843464e-07 6.395063e-07 4.003693e-07
111900 4.268646e+00 1.809238e-07 6.345505e-07 4.002652e-07
112000 4.272461e+00 1.775874e-07 6.295703e-07 4.001935e-07
112100 4.276276e+00 1.743394e-07 6.245648e-07 4.001429e-07
112200 4.280090e+00 1.711791e-07 6.195333e-07 4.001031e-07
112300 4.283905e+00 1.681056e-07 6.144754e-07 4.000640e-07
112400 4.287720e+00 1.651196e-07 6.093905e-07 4.000166e-07
112500 4.291534e+00 1.622201e-07 6.042784e-07 3.999524e-07
112600 4.295349e+00 1.594062e-07 5.991389e-07 3.998635e-07
112700 4.299164e+00 1.566806e-07 5.939720e-07 3.997426e-07
112800 4.302979e+00 1.540385e-07 5.887776e-07 3.995831e-07
112900 4.306793e+00 1.514824e-07 5.835560e-07 3.993790e-07
113000 4.310608e+00 1.490107e-07 5.783073e-07 3.991246e-07
113100 4.314423e+00 1.466211e-07 5.730320e-07 3.988149e-07
113200 4.318237e+00 1.443132e-07 5.677304e-07 3.984453e-07
113300 4.322052e+00 1.420866e-07 5.624030e-07 3.980119e-07
113400 4.325867e+00 1.399394e-07 5.570504e-07 3.975109e-07
113500 4.329681e+00 1.378700e-07 5.516732e-07 3.969391e-07
113600 4.333496e+00 1.358775e-07 5.462723e-07 3.962937e-07
113700 4.337311e+00 1.339591e-07 5.408483e-07 3.955721e-07
113800 4.341125e+00 1.321145e-07 5.354021e-07 3.947724e-07
113900 4.344940e+00 1.303402e-07 5.299346e-07 3.938926e-07
114000 4.348755e+00 1.286353e-07 5.244469e-07 3.929313e-07
114100 4.352570e+00 1.269979e-07 5.189398e-07 3.918872e-07
114200 4.356384e+00 1.254255e-07 5.134145e-07 3.907596e-07
114300 4.360199e+00 1.239154e-07 5.078721e-07 3.895476e-07
114400 4.364014e+00 1.224663e-07 5.023137e-07 3.882508e-07
114500 4.367828e+00 1.210753e-07 4.967405e-07 3.868691e-07
114600 4.371643e+00 1.197401e-07 4.911537e-07 3.854024e-07
114700 4.375458e+00 1.184585e-07 4.855546e-07 3.838509e-07
114800 4.379272e+00 1.172279e-07 4.799445e-07 3.822149e-07
114900 4.383087e+00 1.160460e-07 4.743247e-07 3.804950e-07
115000 4.386902e+00 1.149104e-07 4.686965e-07 3.786920e-07
115100 4.390717e+00 1.138185e-07 4.630613e-07 3.768065e-07
115200 4.394531e+00 1.127680e-07 4.574205e-07 3.748396e-07
115300 4.398346e+00 1.117564e-07 4.517754e-07 3.727923e-07
115400 4.402161e+00 1.107813e-07 4.461276e-07 3.706660e-07
115500 4.405975e+00 1.098405e-07 4.404784e-07 3.684618e-07
115600 4.409790e+00 1.089315e-07 4.348292e-07 3.661812e-07
115700 4.413605e+00 1.080522e-07 4.291817e-07 3.638257e-07
115800 4.417419e+00 1.072000e-07 4.235371e-07 3.613968e-07
115900 4.421234e+00 1.063734e-07 4.178970e-07 3.588963e-07
116000 4.425049e+00 1.055696e-07 4.122630e-07 3.563258e-07
116100 4.428864e+00 1.047871e-07 4.066363e-07 3.536871e-07
116200 4.432678e+00 1.040236e-07 4.010186e-07 3.509821e-07
116300 4.436493e+00 1.032775e-07 3.954114e-07 3.482126e-07
116400 4.440308e+00 1.025469e-07 3.898161e-07 3.453806e-07
116500 4.444122e+00 1.018297e-07 3.842342e-07 3.424881e-07
116600 4.447937e+00 1.011246e-07 3.786673e-07 3.395371e-07
116700 4.451752e+00 1.004299e-07 3.731167e-07 3.365296e-07
116800 4.455566e+00 9.974399e-08 3.675841e-07 3.334676e-07
116900 4.459381e+00 9.906615e-08 3.620708e-07 3.303534e-07
117000 4.463196e+00 9.839422e-08 3.565783e-07 3.271889e-07
117100 4.467010e+00 9.772678e-08 3.511082e-07 3.239764e-07
117200 4.470825e+00 9.706329e-08 3.456617e-07 3.207179e-07
117300 4.474640e+00 9.640252e-08 3.402405e-07 3.174157e-07
117400 4.478455e+00 9.574328e-08 3.348459e-07 3.140718e-07
117500 4.482269e+00 9.508448e-08 3.294794e-07 3.106884e-07
117600 4.486084e+00 9.442593e-08 3.241424e-07 3.072677e-07
117700 4.489899e+00 9.376576e-08 3.188362e-07 3.038118e-07
117800 4.493713e+00 9.310398e-08 3.135623e-07 3.003230e-07
117900 4.497528e+00 9.243868e-08 3.083220e-07 2.968032e-07
118000 4.501343e+00 9.177104e-08 3.031167e-07 2.932548e-07
118100 4.505157e+00 9.109933e-08 2.979479e-07 2.896797e-07
118200 4.508972e+00 9.042378e-08 2.928167e-07 2.860801e-07
118300 4.512787e+00 8.974382e-08 2.877245e-07 2.824582e-07
118400 4.516602e+00 8.905767e-08 2.826726e-07 2.788160e-07
118500 4.520416e+00 8.836699e-08 2.776624e-07 2.751555e-07
118600 4.524231e+00 8.767011e-08 2.726951e-07 2.714789e-07
118700 4.528046e+00 8.696763e-08 2.677719e-07 2.677881e-07
118800 4.531860e+00 8.625918e-08 2.628941e-07 2.640852e-07
118900 4.535675e+00 8.554296e-08 2.580630e-07 2.603721e-07
119000 4.539490e+00 8.482114e-08 2.532796e-07 2.566509e-07
119100 4.543304e+00 8.409333e-08 2.485454e-07 2.529235e-07
119200 4.547119e+00 8.335792e-08 2.438613e-07 2.491917e-07
119300 4.550934e+00 8.261717e-08 2.392286e-07 2.454575e-07
119400 4.554749e+00 8.186815e-08 2.346485e-07 2.417227e-07
119500 4.558563e+00 8.111324e-08 2.301219e-07 2.379893e-07
119600 4.562378e+00 8.035224e-08 2.256502e-07 2.342589e-07
119700 4.566193e+00 7.958491e-08 2.212343e-07 2.305334e-07
119800 4.570007e+00 7.881105e-08 2.168753e-07 2.268145e-07
119900 4.573822e+00 7.803189e-08 2.125743e-07 2.231040e-07
120000 4.577637e+00 7.724583e-08 2.083323e-07 2.194036e-07
120100 4.581451e+00 7.645413e-08 2.041504e-07 2.157149e-07
120200 4.585266e+00 7.565663e-08 2.000295e-07 2.120396e-07
120300 4.589081e+00 7.485480e-08 1.959706e-07 2.083793e-07
120400 4.592896e+00 7.404692e-08 1.919747e-07 2.047356e-07
120500 4.596710e+00 7.323588e-08 1.880428e-07 2.011100e-07
120600 4.600525e+00 7.241876e-08 1.841757e-07 1.975041e-07
120700 4.604340e+00 7.159829e-08 1.803743e-07 1.939193e-07
120800 4.608154e+00 7.077453e-08 1.766396e-07 1.903571e-07
120900 4.611969e+00 6.994584e-08 1.729724e-07 1.868189e-07
121000 4.615784e+00 6.911373e-08 1.693735e-07 1.833062e-07
121100 4.619598e+00 6.827972e-08 1.658437e-07 1.798204e-07
121200 4.623413e+00 6.744217e-08 1.623839e-07 1.763627e-07
121300 4.627228e+00 6.660270e-08 1.589946e-07 1.729346e-07
121400 4.631042e+00 6.576125e-08 1.556768e-07 1.695372e-07
121500 4.634857e+00 6.491939e-08 1.524310e-07 1.661719e-07
121600 4.638672e+00 6.407552e-08 1.492579e-07 1.628399e-07
121700 4.642487e+00 6.322958e-08 1.461581e-07 1.595424e-07
121800 4.646301e+00 6.238488e-08 1.431322e-07 1.562805e-07
121900 4.650116e+00 6.153808e-08 1.401807e-07 1.530556e-07
122000 4.653931e+00 6.069249e-08 1.373041e-07 1.498686e-07
122100 4.657745e+00 5.984815e-08 1.345029e-07 1.467207e-07
122200 4.661560e+00 5.900336e-08 1.317773e-07 1.436129e-07
122300 4.665375e+00 5.815977e-08 1.291278e-07 1.405463e-07
122400 4.669189e+00 5.731910e-08 1.265545e-07 1.375221e-07
122500 4.673004e+00 5.647967e-08 1.240577e-07 1.345410e-07
122600 4.676819e+00 5.564146e-08 1.216375e-07 1.316042e-07
122700 4.680634e+00 5.480788e-08 1.192939e-07 1.287126e-07
122800 4.684448e+00 5.397555e-08 1.170269e-07 1.258671e-07
122900 4.688263e+00 5.314787e-08 1.148363e-07 1.230687e-07
123000 4.692078e+00 5.232314e-08 1.127220e-07 1.203181e-07
123100 4.695892e+00 5.150309e-08 1.106836e-07 1.176164e-07
123200 4.699707e+00 5.068596e-08 1.087208e-07 1.149644e-07
123300 4.703522e+00 4.987356e-08 1.068329e-07 1.123627e-07
123400 4.707336e+00 4.906760e-08 1.050194e-07 1.098123e-07
123500 4.711151e+00 4.826633e-08 1.032795e-07 1.073139e-07
123600 4.714966e+00 4.746968e-08 1.016125e-07 1.048683e-07
123700 4.718781e+00 4.668134e-08 1.000173e-07 1.024761e-07
123800 4.722595e+00 4.589761e-08 9.849287e-08 1.001381e-07
123900 4.726410e+00 4.512035e-08 9.703804e-08 9.785486e-08
124000 4.730225e+00 4.434953e-08 9.565149e-08 9.562703e-08
124100 4.734039e+00 4.358518e-08 9.433182e-08 9.345521e-08
124200 4.737854e+00 4.282899e-08 9.307751e-08 9.133992e-08
124300 4.741669e+00 4.208102e-08 9.188692e-08 8.928169e-08
124400 4.745483e+00 4.133947e-08 9.075832e-08 8.728099e-08
124500 4.749298e+00 4.060786e-08 8.968990e-08 8.533822e-08
124600 4.753113e+00 3.988266e-08 8.867973e-08 8.345377e-08
124700 4.756927e+00 3.916735e-08 8.772584e-08 8.162796e-08
124800 4.760742e+00 3.846020e-08 8.682614e-08 7.986103e-08
124900 4.764557e+00 3.776294e-08 8.597852e-08 7.815320e-08
125000 4.768372e+00 3.707378e-08 8.518079e-08 7.650458e-08
125100 4.772186e+00 3.639621e-08 8.443071e-08 7.491524e-08
125200 4.776001e+00 3.572671e-08 8.372604e-08 7.338516e-08
125300 4.779816e+00 3.506701e-08 8.306447e-08 7.191424e-08
125400 4.783630e+00 3.441708e-08 8.244371e-08 7.050228e-08
125500 4.787445e+00 3.377689e-08 8.186144e-08 6.914901e-08
125600 4.791260e+00 3.314814e-08 8.131538e-08 6.785406e-08
125700 4.795074e+00 3.252907e-08 8.080321e-08 6.661695e-08
125800 4.798889e+00 3.192137e-08 8.032269e-08 6.543709e-08
125900 4.802704e+00 3.132494e-08 7.987158e-08 6.431380e-08
126000 4.806519e+00 3.073810e-08 7.944768e-08 6.324630e-08
126100 4.810333e+00 3.016247e-08 7.904883e-08 6.223368e-08
126200 4.814148e+00 2.959966e-08 7.867294e-08 6.127492e-08
126300 4.817963e+00 2.904630e-08 7.831796e-08 6.036892e-08
126400 4.821777e+00 2.850561e-08 7.798191e-08 5.951444e-08
126500 4.825592e+00 2.797427e-08 7.766287e-08 5.871016e-08
126600 4.829407e+00 2.745709e-08 7.735899e-08 5.795467e-08
126700 4.833221e+00 2.694910e-08 7.706850e-08 5.724643e-08
126800 4.837036e+00 2.645349e-08 7.678969e-08 5.658386e-08
126900 4.840851e+00 2.597011e-08 7.652094e-08 5.596527e-08
127000 4.844666e+00 2.549732e-08 7.626069e-08 5.538893e-08
127100 4.848480e+00 2.503657e-08 7.600746e-08 5.485301e-08
127200 4.852295e+00 2.458775e-08 7.575986e-08 5.435567e-08
127300 4.856110e+00 2.415073e-08 7.551655e-08 5.389502e-08
127400 4.859924e+00 2.372387e-08 7.527630e-08 5.346911e-08
127500 4.863739e+00 2.331004e-08 7.503792e-08 5.307603e-08
127600 4.867554e+00 2.290757e-08 7.480030e-08 5.271381e-08
127700 4.871368e+00 2.251492e-08 7.456243e-08 5.238050e-08
127800 4.875183e+00 2.213482e-08 7.432333e-08 5.207416e-08
127900 4.878998e+00 2.176558e-08 7.408211e-08 5.179288e-08
128000 4.882813e+00 2.140846e-08 7.383793e-08 5.153476e-08
128100 4.886627e+00 2.106056e-08 7.359003e-08 5.129796e-08
128200 4.890442e+00 2.072435e-08 7.333770e-08 5.108065e-08
128300 4.894257e+00 2.039959e-08 7.308029e-08 5.088109e-08
128400 4.898071e+00 2.008355e-08 7.281721e-08 5.069755e-08
128500 4.901886e+00 1.977853e-08 7.254792e-08 5.052840e-08
128600 4.905701e+00 1.948424e-08 7.227192e-08 5.037204e-08
128700 4.909515e+00 1.919928e-08 7.198879e-08 5.022696e-08
128800 4.913330e+00 1.892454e-08 7.169812e-08 5.009170e-08
128900 4.917145e+00 1.865863e-08 7.139957e-08 4.996487e-08
129000 4.920959e+00 1.840241e-08 7.109283e-08 4.984516e-08
129100 4.924774e+00 1.815557e-08 7.077765e-08 4.973132e-08
129200 4.928589e+00 1.791683e-08 7.045378e-08 4.962218e-08
129300 4.932404e+00 1.768689e-08 7.012104e-08 4.951663e-08
129400 4.936218e+00 1.746546e-08 6.977927e-08 4.941362e-08
129500 4.940033e+00 1.725130e-08 6.942834e-08 4.931219e-08
129600 4.943848e+00 1.704511e-08 6.906817e-08 4.921144e-08
129700 4.947662e+00 1.684650e-08 6.869869e-08 4.911051e-08
129800 4.951477e+00 1.665439e-08 6.831986e-08 4.900862e-08
129900 4.955292e+00 1.647007e-08 6.793166e-08 4.890506e-08
130000 4.959106e+00 1.629166e-08 6.753410e-08 4.879914e-08
130100 4.962921e+00 1.611961e-08 6.712723e-08 4.869026e-08
130200 4.966736e+00 1.595294e-08 6.671109e-08 4.857787e-08
130300 4.970551e+00 1.579273e-08 6.628575e-08 4.846144e-08
130400 4.974365e+00 1.563747e-08 6.585132e-08 4.834053e-08
130500 4.978180e+00 1.548728e-08 6.540788e-08 4.821471e-08
130600 4.981995e+00 1.534207e-08 6.495559e-08 4.808361e-08
130700 4.985809e+00 1.520133e-08 6.449456e-08 4.794689e-08
130800 4.989624e+00 1.506458e-08 6.402496e-08 4.780427e-08
130900 4.993439e+00 1.493187e-08 6.354694e-08 4.765547e-08
131000 4.997253e+00 1.480338e-08 6.306070e-08 4.750030e-08
131100 5.001068e+00 1.467794e-08 6.256641e-08 4.733854e-08
131200 5.004883e+00 1.455545e-08 6.206427e-08 4.717005e-08
131300 5.008698e+00 1.443636e-08 6.155450e-08 4.699467e-08
131400 5.012512e+00 1.431977e-08 6.103730e-08 4.681232e-08
131500 5.016327e+00 1.420569e-08 6.051290e-08 4.662291e-08
131600 5.020142e+00 1.409404e-08 5.998153e-08 4.642637e-08
131700 5.023956e+00 1.398445e-08 5.944343e-08 4.622268e-08
131800 5.027771e+00 1.387659e-08 5.889884e-08 4.601182e-08
131900 5.031586e+00 1.377052e-08 5.834799e-08 4.579378e-08
132000 5.035400e+00 1.366602e-08 5.779115e-08 4.556859e-08
132100 5.039215e+00 1.356283e-08 5.722857e-08 4.533630e-08
132200 5.043030e+00 1.346082e-08 5.666051e-08 4.509694e-08
132300 5.046844e+00 1.335980e-08 5.608723e-08 4.485059e-08
132400 5.050659e+00 1.325972e-08 5.550899e-08 4.459732e-08
132500 5.054474e+00 1.316031e-08 5.492604e-08 4.433723e-08
132600 5.058289e+00 1.306155e-08 5.433868e-08 4.407040e-08
132700 5.062103e+00 1.296337e-08 5.374715e-08 4.379697e-08
132800 5.065918e+00 1.286556e-08 5.315173e-08 4.351704e-08
132900 5.069733e+00 1.276795e-08 5.255267e-08 4.323075e-08
133000 5.073547e+00 1.267065e-08 5.195027e-08 4.293824e-08
133100 5.077362e+00 1.257336e-08 5.134477e-08 4.263965e-08
133200 5.081177e+00 1.247594e-08 5.073645e-08 4.233512e-08
133300 5.084991e+00 1.237860e-08 5.012558e-08 4.202482e-08
133400 5.088806e+00 1.228133e-08 4.951241e-08 4.170890e-08
133500 5.092621e+00 1.218368e-08 4.889723e-08 4.138754e-08
133600 5.096436e+00 1.208598e-08 4.828028e-08 4.106089e-08
133700 5.100250e+00 1.198779e-08 4.766183e-08 4.072913e-08
133800 5.104065e+00 1.188946e-08 4.704214e-08 4.039245e-08
133900 5.107880e+00 1.179049e-08 4.642148e-08 4.005101e-08
134000 5.111694e+00 1.169130e-08 4.580008e-08 3.970499e-08
134100 5.115509e+00 1.159184e-08 4.517821e-08 3.935458e-08
134200 5.119324e+00 1.149166e-08 4.455612e-08 3.899996e-08
134300 5.123138e+00 1.139114e-08 4.393405e-08 3.864132e-08
134400 5.126953e+00 1.129032e-08 4.331225e-08 3.827884e-08
134500 5.130768e+00 1.118865e-08 4.269096e-08 3.791271e-08
134600 5.134583e+00 1.108718e-08 4.207043e-08 3.754311e-08
134700 5.138397e+00 1.098478e-08 4.145088e-08 3.717023e-08
134800 5.142212e+00 1.088144e-08 4.083255e-08 3.679425e-08
134900 5.146027e+00 1.077831e-08 4.021567e-08 3.641535e-08
135000 5.149841e+00 1.067422e-08 3.960047e-08 3.603373e-08
135100 5.153656e+00 1.057037e-08 3.898716e-08 3.564956e-08
135200 5.157471e+00 1.046554e-08 3.837598e-08 3.526303e-08
135300 5.161285e+00 1.036035e-08 3.776714e-08 3.487432e-08
135400 5.165100e+00 1.025474e-08 3.716084e-08 3.448360e-08
135500 5.168915e+00 1.014881e-08 3.655731e-08 3.409106e-08
135600 5.172729e+00 1.004256e-08 3.595674e-08 3.369687e-08
135700 5.176544e+00 9.935994e-09 3.535935e-08 3.330119e-08
135800 5.180359e+00 9.829066e-09 3.476532e-08 3.290421e-08
135900 5.184174e+00 9.721828e-09 3.417487e-08 3.250611e-08
136000 5.187988e+00 9.614298e-09 3.358817e-08 3.210703e-08
136100 5.191803e+00 9.506463e-09 3.300543e-08 3.170714e-08
136156 5.193939e+00 9.445876e-09 3.268088e-08 3.148292e-08
