TITLE = "Cavity Iterative Residual History"
variables="Iteration""Time(s)""Res1""Res2""Res3"
1 6.103516e-04 1.374555e+01 8.509767e+01 1.002175e+02
10 5.601436e-03 4.612363e+01 7.475824e+01 9.424990e+01
20 1.006418e-02 5.372627e+01 6.702323e+01 7.998246e+01
30 1.440468e-02 5.549703e+01 6.645776e+01 7.137226e+01
40 1.804105e-02 7.216979e+01 3.235941e+01 3.751737e+01
50 2.152667e-02 9.009397e+01 1.783733e+01 2.506596e+01
60 2.501230e-02 8.339908e+01 1.363473e+01 2.087007e+01
70 2.849793e-02 2.682092e+01 1.218819e+01 1.992545e+01
80 3.198355e-02 1.695240e+01 1.405908e+01 1.798443e+01
90 3.546918e-02 1.659978e+01 8.827405e+00 8.016475e+00
100 3.895481e-02 1.362470e+01 1.003089e+01 1.330893e+01
110 4.244043e-02 1.045190e+01 7.600812e+00 1.049742e+01
120 4.592606e-02 8.983054e+00 6.990238e+00 6.177898e+00
130 4.941169e-02 1.517034e+01 7.672725e+00 5.818492e+00
140 5.289731e-02 1.067498e+01 5.430113e+00 5.686596e+00
150 5.638294e-02 1.055739e+01 3.413339e+00 4.786172e+00
160 5.986857e-02 1.001071e+01 3.034340e+00 3.666461e+00
170 6.335419e-02 5.007922e+00 4.134235e+00 5.265351e+00
180 6.683982e-02 3.162336e+00 3.816493e+00 5.144734e+00
190 7.032545e-02 5.286029e+00 2.595651e+00 2.527209e+00
200 7.381107e-02 4.428286e+00 1.710564e+00 2.326321e+00
210 7.729670e-02 3.565918e+00 2.013959e+00 2.838817e+00
220 8.078233e-02 5.015105e+00 2.331116e+00 3.012883e+00
230 8.426795e-02 3.024887e+00 1.356348e+00 2.070268e+00
240 8.775358e-02 3.200340e+00 1.019293e+00 1.163499e+00
250 9.123921e-02 2.257805e+00 1.139691e+00 1.745387e+00
260 9.472483e-02 1.357278e+00 9.233552e-01 1.974578e+00
270 9.821046e-02 1.829718e+00 1.026755e+00 1.575102e+00
280 1.016961e-01 1.947712e+00 1.006214e+00 8.672669e-01
290 1.051817e-01 1.471052e+00 6.313936e-01 7.390321e-01
300 1.086673e-01 1.544462e+00 4.356017e-01 1.055241e+00
310 1.121530e-01 1.109454e+00 6.490335e-01 1.112948e+00
320 1.156386e-01 8.411758e-01 6.710971e-01 8.487567e-01
330 1.191242e-01 9.291842e-01 5.273620e-01 5.298009e-01
340 1.226098e-01 8.399324e-01 2.900950e-01 5.143460e-01
350 1.260955e-01 6.281727e-01 3.120355e-01 7.283764e-01
360 1.295811e-01 7.113420e-01 4.126054e-01 6.835256e-01
370 1.330667e-01 6.373025e-01 3.802814e-01 3.750606e-01
380 1.365524e-01 5.967481e-01 2.257213e-01 2.359654e-01
390 1.400380e-01 4.987898e-01 1.495038e-01 4.179616e-01
400 1.435236e-01 3.493740e-01 2.222958e-01 4.505159e-01
410 1.470092e-01 3.603944e-01 2.455584e-01 3.251169e-01
420 1.504949e-01 3.865566e-01 1.962100e-01 1.704284e-01
430 1.539805e-01 3.272318e-01 1.136629e-01 1.916427e-01
440 1.574661e-01 2.836984e-01 9.626333e-02 2.722697e-01
450 1.609517e-01 2.509000e-01 1.427679e-01 2.473154e-01
460 1.644374e-01 2.198675e-01 1.549503e-01 1.441155e-01
470 1.679230e-01 2.135225e-01 1.111695e-01 9.713248e-02
480 1.714086e-01 1.788487e-01 5.527032e-02 1.423649e-01
490 1.748942e-01 1.403261e-01 7.829254e-02 1.574186e-01
500 1.783799e-01 1.380293e-01 9.932929e-02 1.270490e-01
510 1.818655e-01 1.374320e-01 8.339859e-02 7.136097e-02
520 1.853511e-01 1.246566e-01 4.826585e-02 6.197994e-02
530 1.888368e-01 1.041030e-01 3.443403e-02 9.436394e-02
540 1.923224e-01 8.288231e-02 5.484863e-02 9.306795e-02
550 1.958080e-01 7.991755e-02 6.047132e-02 6.063079e-02
560 1.992936e-01 8.075376e-02 4.302290e-02 3.386827e-02
570 2.027793e-01 6.923741e-02 2.086560e-02 4.677407e-02
580 2.062649e-01 5.653360e-02 2.697469e-02 5.776588e-02
590 2.097505e-01 5.166716e-02 3.550407e-02 4.961294e-02
600 2.132361e-01 5.004962e-02 3.218301e-02 2.869034e-02
610 2.167218e-01 4.662892e-02 2.056206e-02 2.135430e-02
620 2.202074e-01 3.865008e-02 1.252892e-02 3.248177e-02
630 2.236930e-01 3.132493e-02 1.912661e-02 3.403403e-02
640 2.271786e-01 2.999289e-02 2.247313e-02 2.472082e-02
650 2.306643e-01 2.970540e-02 1.731198e-02 1.373056e-02
660 2.341499e-01 2.648940e-02 8.972370e-03 1.523985e-02
670 2.376355e-01 2.171460e-02 8.991297e-03 2.046401e-02
680 2.411212e-01 1.836817e-02 1.281735e-02 1.925246e-02
690 2.446068e-01 1.796288e-02 1.260074e-02 1.236526e-02
700 2.480924e-01 1.741543e-02 8.524134e-03 7.387518e-03
710 2.515780e-01 1.480815e-02 4.602035e-03 1.081832e-02
720 2.550637e-01 1.202488e-02 6.559041e-03 1.265332e-02
730 2.585493e-01 1.106646e-02 8.139191e-03 1.019994e-02
740 2.620349e-01 1.097359e-02 6.737412e-03 5.754023e-03
750 2.655205e-01 1.009564e-02 3.822194e-03 5.006946e-03
760 2.690062e-01 8.274145e-03 2.997688e-03 7.292503e-03
770 2.724918e-01 6.845198e-03 4.443083e-03 7.428363e-03
780 2.759774e-01 6.657892e-03 4.735664e-03 5.176396e-03
790 2.794630e-01 6.529913e-03 3.480128e-03 2.800672e-03
800 2.829487e-01 5.709599e-03 1.834005e-03 3.636115e-03
810 2.864343e-01 4.639093e-03 2.154141e-03 4.649085e-03
820 2.899199e-01 4.064893e-03 2.905034e-03 4.082223e-03
830 2.934056e-01 4.021433e-03 2.647270e-03 2.475485e-03
840 2.968912e-01 3.810266e-03 1.654537e-03 1.703369e-03
850 3.003768e-01 3.184578e-03 1.028197e-03 2.539736e-03
860 3.038624e-01 2.596646e-03 1.522018e-03 2.817938e-03
870 3.073481e-01 2.448615e-03 1.769892e-03 2.141390e-03
880 3.108337e-01 2.429545e-03 1.408630e-03 1.145254e-03
890 3.143193e-01 2.188286e-03 7.663955e-04 1.209608e-03
900 3.178049e-01 1.778415e-03 7.067769e-04 1.685015e-03
910 3.212906e-01 1.506673e-03 1.027524e-03 1.604359e-03
920 3.247762e-01 1.483339e-03 1.021016e-03 1.048055e-03
930 3.282618e-01 1.436466e-03 6.970170e-04 6.076236e-04
940 3.317474e-01 1.229220e-03 3.811915e-04 8.736189e-04
950 3.352331e-01 9.944461e-04 5.111965e-04 1.051440e-03
960 3.387187e-01 9.029736e-04 6.493853e-04 8.628796e-04
970 3.422043e-01 8.991566e-04 5.621638e-04 4.843454e-04
980 3.456900e-01 8.315859e-04 3.293036e-04 4.050789e-04
990 3.491756e-01 6.844685e-04 2.354081e-04 5.978810e-04
1000 3.526612e-01 5.662337e-04 3.583012e-04 6.155545e-04
1010 3.561468e-01 5.454078e-04 3.887311e-04 4.358169e-04
1020 3.596325e-01 5.368168e-04 2.891713e-04 2.341032e-04
1030 3.631181e-01 4.720172e-04 1.534654e-04 2.945033e-04
1040 3.666037e-01 3.810307e-04 1.701099e-04 3.843042e-04
1050 3.700893e-01 3.333182e-04 2.352483e-04 3.411417e-04
1060 3.735750e-01 3.311932e-04 2.205370e-04 2.062945e-04
1070 3.770606e-01 3.141895e-04 1.400629e-04 1.381479e-04
1080 3.805462e-01 2.637552e-04 8.257212e-05 2.078023e-04
1090 3.840318e-01 2.145589e-04 1.229458e-04 2.320157e-04
1100 3.875175e-01 2.004765e-04 1.452137e-04 1.779178e-04
1110 3.910031e-01 1.994325e-04 1.172363e-04 9.585308e-05
1120 3.944887e-01 1.801572e-04 6.478955e-05 9.806286e-05
1130 3.979744e-01 1.464889e-04 5.642587e-05 1.378801e-04
1140 4.014600e-01 1.241522e-04 8.358501e-05 1.323971e-04
1150 4.049456e-01 1.216807e-04 8.488222e-05 8.699904e-05
1160 4.084312e-01 1.179197e-04 5.868636e-05 4.986096e-05
1170 4.119169e-01 1.014336e-04 3.133395e-05 7.081474e-05
1180 4.154025e-01 8.181638e-05 4.143696e-05 8.588064e-05
1190 4.188881e-01 7.377845e-05 5.330448e-05 7.136026e-05
1200 4.223737e-01 7.365038e-05 4.663297e-05 4.061045e-05
1210 4.258594e-01 6.835917e-05 2.767544e-05 3.265953e-05
1220 4.293450e-01 5.643997e-05 1.905263e-05 4.854269e-05
1230 4.328306e-01 4.662352e-05 2.913747e-05 5.055726e-05
1240 4.363162e-01 4.463201e-05 3.208900e-05 3.615443e-05
1250 4.398019e-01 4.399500e-05 2.411631e-05 1.940249e-05
1260 4.432875e-01 3.886281e-05 1.277448e-05 2.373005e-05
1270 4.467731e-01 3.136726e-05 1.376863e-05 3.126540e-05
1280 4.502588e-01 2.730971e-05 1.920117e-05 2.814004e-05
1290 4.537444e-01 2.710582e-05 1.819420e-05 1.728690e-05
1300 4.572300e-01 2.579254e-05 1.173053e-05 1.120024e-05
1310 4.607156e-01 2.174581e-05 6.771869e-06 1.678776e-05
1320 4.642013e-01 1.766111e-05 9.953630e-06 1.899419e-05
1330 4.676869e-01 1.638830e-05 1.192100e-05 1.475622e-05
1340 4.711725e-01 1.632237e-05 9.729405e-06 8.027218e-06
1350 4.746581e-01 1.481887e-05 5.418500e-06 7.876858e-06
1360 4.781438e-01 1.207454e-05 4.561524e-06 1.118692e-05
1370 4.816294e-01 1.018598e-05 6.789085e-06 1.090969e-05
1380 4.851150e-01 9.950275e-06 6.976595e-06 7.284985e-06
1390 4.886007e-01 9.673596e-06 4.896447e-06 4.091921e-06
1400 4.920863e-01 8.359507e-06 2.600906e-06 5.703705e-06
1410 4.955719e-01 6.739456e-06 3.339513e-06 7.019433e-06
1420 4.990575e-01 6.039217e-06 4.353709e-06 5.913412e-06
1430 5.025432e-01 6.027695e-06 3.853942e-06 3.411139e-06
1440 5.060288e-01 5.620425e-06 2.316313e-06 2.631568e-06
1450 5.095144e-01 4.655462e-06 1.545661e-06 3.932450e-06
1460 5.130000e-01 3.831953e-06 2.355277e-06 4.158871e-06
1470 5.164857e-01 3.650668e-06 2.629947e-06 3.018709e-06
1480 5.199713e-01 3.606837e-06 2.007045e-06 1.613807e-06
1490 5.234569e-01 3.201176e-06 1.069699e-06 1.908638e-06
1500 5.269425e-01 2.586766e-06 1.106266e-06 2.550087e-06
1510 5.304282e-01 2.238912e-06 1.562506e-06 2.326908e-06
1520 5.339138e-01 2.217665e-06 1.499981e-06 1.450644e-06
1530 5.373994e-01 2.118964e-06 9.810182e-07 9.109175e-07
1540 5.408851e-01 1.793522e-06 5.553362e-07 1.357123e-06
1550 5.443707e-01 1.453585e-06 8.019470e-07 1.558717e-06
1560 5.478563e-01 1.341373e-06 9.748879e-07 1.227886e-06
1570 5.513419e-01 1.337385e-06 8.074983e-07 6.723286e-07
1580 5.548276e-01 1.219791e-06 4.550447e-07 6.336992e-07
1590 5.583132e-01 9.962673e-07 3.669611e-07 9.101420e-07
1600 5.617988e-01 8.363561e-07 5.507360e-07 8.996437e-07
1610 5.652844e-01 8.140407e-07 5.737937e-07 6.093878e-07
1620 5.687701e-01 7.939880e-07 4.085850e-07 3.372059e-07
1630 5.722557e-01 6.890833e-07 2.161310e-07 4.600149e-07
1640 5.757413e-01 5.553830e-07 2.684430e-07 5.743216e-07
1650 5.792269e-01 4.948037e-07 3.552084e-07 4.902785e-07
1660 5.827126e-01 4.935354e-07 3.189717e-07 2.861022e-07
1670 5.861982e-01 4.621572e-07 1.943894e-07 2.125316e-07
1680 5.896838e-01 3.840886e-07 1.252877e-07 3.189390e-07
1690 5.931695e-01 3.150688e-07 1.905171e-07 3.418993e-07
1700 5.966551e-01 2.986869e-07 2.157782e-07 2.516361e-07
1710 6.001407e-01 2.957364e-07 1.669994e-07 1.344946e-07
1720 6.036263e-01 2.636615e-07 8.962439e-08 1.536129e-07
1730 6.071120e-01 2.133266e-07 8.888381e-08 2.079745e-07
1740 6.105976e-01 1.836397e-07 1.271462e-07 1.922837e-07
1750 6.140832e-01 1.814720e-07 1.237757e-07 1.214899e-07
1760 6.175688e-01 1.740453e-07 8.210542e-08 7.424733e-08
1770 6.210545e-01 1.479047e-07 4.561385e-08 1.097082e-07
1780 6.245401e-01 1.196692e-07 6.468540e-08 1.277541e-07
1790 6.280257e-01 1.098006e-07 7.976501e-08 1.020147e-07
1800 6.315113e-01 1.095547e-07 6.697736e-08 5.634818e-08
1810 6.349970e-01 1.003700e-07 3.821125e-08 5.099760e-08
1820 6.384826e-01 8.218494e-08 2.956966e-08 7.398509e-08
1830 6.419682e-01 6.868835e-08 4.468016e-08 7.411500e-08
1840 6.454539e-01 6.659348e-08 4.720523e-08 5.090434e-08
1850 6.489395e-01 6.514472e-08 3.408485e-08 2.784333e-08
1860 6.524251e-01 5.678894e-08 1.798312e-08 3.707485e-08
1870 6.559107e-01 4.577036e-08 2.160109e-08 4.693244e-08
1880 6.593964e-01 4.053727e-08 2.897695e-08 4.060842e-08
1890 6.628820e-01 4.039856e-08 2.637470e-08 2.400093e-08
1900 6.663676e-01 3.798968e-08 1.630197e-08 1.717705e-08
1910 6.698532e-01 3.168219e-08 1.018233e-08 2.584265e-08
1920 6.733389e-01 2.591164e-08 1.540656e-08 2.808636e-08
1930 6.768245e-01 2.443750e-08 1.769807e-08 2.095886e-08
1940 6.803101e-01 2.424090e-08 1.388532e-08 1.122401e-08
1944 6.817044e-01 2.356196e-08 1.127939e-08 1.000453e-08
