TITLE = "Cavity Iterative Residual History"
variables="Iteration""Time(s)""Res1""Res2""Res3"
1 1.525879e-04 1.012085e+01 1.442892e+02 1.533899e+02
10 1.525879e-03 2.163934e+01 4.802964e+01 6.242224e+01
20 3.051758e-03 2.519724e+01 4.585742e+01 5.997758e+01
30 4.577637e-03 2.577944e+01 4.428186e+01 5.645660e+01
40 6.103516e-03 2.539612e+01 4.123115e+01 5.301365e+01
50 7.629395e-03 2.472999e+01 3.942160e+01 5.098194e+01
60 9.155273e-03 2.359244e+01 3.843390e+01 4.985526e+01
70 1.068115e-02 2.321259e+01 3.751592e+01 4.898468e+01
80 1.220703e-02 2.320378e+01 3.702255e+01 4.829641e+01
90 1.373291e-02 2.341438e+01 3.670734e+01 4.773150e+01
100 1.525879e-02 2.378103e+01 3.648028e+01 4.723080e+01
110 1.678467e-02 2.425694e+01 3.630802e+01 4.675762e+01
120 1.831055e-02 2.481797e+01 3.617139e+01 4.629642e+01
130 1.983643e-02 2.545062e+01 3.606342e+01 4.583804e+01
140 2.136230e-02 2.646480e+01 3.596452e+01 4.536685e+01
150 2.288818e-02 3.291712e+01 3.587065e+01 4.485119e+01
160 2.441406e-02 1.388560e+02 3.576703e+01 4.425002e+01
170 2.593994e-02 2.972421e+01 3.562527e+01 4.356328e+01
180 2.746582e-02 2.858276e+01 3.542741e+01 4.285343e+01
190 2.899170e-02 2.881645e+01 3.519908e+01 4.214243e+01
200 3.051758e-02 2.889927e+01 3.504842e+01 4.125455e+01
210 3.204346e-02 2.904032e+01 3.517249e+01 3.988399e+01
220 3.356934e-02 2.965450e+01 3.592217e+01 3.758911e+01
230 3.509521e-02 3.209875e+01 3.581311e+01 3.081081e+01
240 3.662109e-02 3.862374e+01 2.713811e+01 2.539304e+01
250 3.814697e-02 4.002027e+01 2.123119e+01 1.894886e+01
260 3.967285e-02 3.741044e+01 1.883502e+01 2.012322e+01
270 4.119873e-02 3.666856e+01 1.636896e+01 1.958788e+01
280 4.272461e-02 3.667121e+01 1.477572e+01 1.678055e+01
290 4.425049e-02 3.606549e+01 1.346344e+01 1.510354e+01
300 4.577637e-02 3.503823e+01 1.210810e+01 1.408919e+01
310 4.730225e-02 3.366100e+01 1.115184e+01 1.338380e+01
320 4.882813e-02 3.236738e+01 1.058048e+01 1.283045e+01
330 5.035400e-02 3.247517e+01 1.020570e+01 1.234236e+01
340 5.187988e-02 3.740280e+01 9.910199e+00 1.188426e+01
350 5.340576e-02 5.235387e+01 9.641489e+00 1.144803e+01
360 5.493164e-02 7.081967e+01 9.379374e+00 1.103379e+01
370 5.645752e-02 6.297848e+01 9.115799e+00 1.064273e+01
380 5.798340e-02 2.442088e+01 8.845758e+00 1.027549e+01
390 5.950928e-02 3.226704e+01 8.564332e+00 9.932088e+00
400 6.103516e-02 4.536367e+01 8.266395e+00 9.611995e+00
410 6.256104e-02 4.443265e+01 7.947302e+00 9.314032e+00
420 6.408691e-02 3.907761e+01 7.603926e+00 9.036053e+00
430 6.561279e-02 3.357982e+01 7.235739e+00 8.774691e+00
440 6.713867e-02 2.889201e+01 6.845576e+00 8.525739e+00
450 6.866455e-02 2.494029e+01 6.439693e+00 8.286267e+00
460 7.019043e-02 2.151536e+01 6.027001e+00 8.059922e+00
470 7.171631e-02 1.851821e+01 5.618107e+00 7.866269e+00
480 7.324219e-02 1.597739e+01 5.226168e+00 7.750904e+00
490 7.476807e-02 1.396921e+01 4.872660e+00 7.783410e+00
500 7.629395e-02 1.249300e+01 4.599022e+00 8.023768e+00
510 7.781982e-02 1.139829e+01 4.474002e+00 8.463182e+00
520 7.934570e-02 1.045903e+01 4.569930e+00 8.994830e+00
530 8.087158e-02 9.528552e+00 4.899924e+00 9.455672e+00
540 8.239746e-02 8.619610e+00 5.380169e+00 9.701705e+00
550 8.392334e-02 7.859064e+00 5.871809e+00 9.656766e+00
560 8.544922e-02 7.367918e+00 6.252540e+00 9.317803e+00
570 8.697510e-02 7.156133e+00 6.456665e+00 8.734087e+00
580 8.850098e-02 7.119799e+00 6.475571e+00 7.981766e+00
590 9.002686e-02 7.128132e+00 6.336714e+00 7.144536e+00
600 9.155273e-02 7.101828e+00 6.080493e+00 6.301560e+00
610 9.307861e-02 7.034750e+00 5.745792e+00 5.520364e+00
620 9.460449e-02 6.971554e+00 5.365691e+00 4.853099e+00
630 9.613037e-02 6.962913e+00 4.970437e+00 4.335897e+00
640 9.765625e-02 7.022815e+00 4.594174e+00 3.990546e+00
650 9.918213e-02 7.114730e+00 4.280704e+00 3.825205e+00
660 1.007080e-01 7.172233e+00 4.079961e+00 3.830783e+00
670 1.022339e-01 7.132419e+00 4.027576e+00 3.976143e+00
680 1.037598e-01 6.959962e+00 4.117360e+00 4.210539e+00
690 1.052856e-01 6.655676e+00 4.296010e+00 4.475078e+00
700 1.068115e-01 6.252954e+00 4.489178e+00 4.716662e+00
710 1.083374e-01 5.806233e+00 4.633550e+00 4.898219e+00
720 1.098633e-01 5.374464e+00 4.693795e+00 5.002980e+00
730 1.113892e-01 5.003375e+00 4.663450e+00 5.032884e+00
740 1.129150e-01 4.713122e+00 4.556245e+00 5.002666e+00
750 1.144409e-01 4.498049e+00 4.394149e+00 4.932187e+00
760 1.159668e-01 4.338296e+00 4.197141e+00 4.839657e+00
770 1.174927e-01 4.214232e+00 3.977977e+00 4.737290e+00
780 1.190186e-01 4.114812e+00 3.742516e+00 4.629646e+00
790 1.205444e-01 4.038072e+00 3.493582e+00 4.514238e+00
800 1.220703e-01 3.986974e+00 3.235328e+00 4.383991e+00
810 1.235962e-01 3.964174e+00 2.975877e+00 4.231093e+00
820 1.251221e-01 3.967947e+00 2.727632e+00 4.051189e+00
830 1.266479e-01 3.990496e+00 2.505755e+00 3.846494e+00
840 1.281738e-01 4.018939e+00 2.325650e+00 3.626558e+00
850 1.296997e-01 4.038198e+00 2.199967e+00 3.406225e+00
860 1.312256e-01 4.034449e+00 2.135566e+00 3.201286e+00
870 1.327515e-01 3.997889e+00 2.131443e+00 3.023395e+00
880 1.342773e-01 3.924375e+00 2.178977e+00 2.876510e+00
890 1.358032e-01 3.816350e+00 2.264669e+00 2.756723e+00
900 1.373291e-01 3.684082e+00 2.373737e+00 2.655417e+00
910 1.388550e-01 3.548291e+00 2.492789e+00 2.563631e+00
920 1.403809e-01 3.444264e+00 2.610978e+00 2.475310e+00
930 1.419067e-01 3.424403e+00 2.720037e+00 2.388365e+00
940 1.434326e-01 3.551272e+00 2.813848e+00 2.303928e+00
950 1.449585e-01 3.875141e+00 2.887993e+00 2.224712e+00
960 1.464844e-01 4.408621e+00 2.939485e+00 2.153370e+00
970 1.480103e-01 5.120722e+00 2.966660e+00 2.091457e+00
980 1.495361e-01 5.948408e+00 2.969090e+00 2.039229e+00
990 1.510620e-01 6.807802e+00 2.947448e+00 1.996152e+00
1000 1.525879e-01 7.599385e+00 2.903344e+00 1.961738e+00
1010 1.541138e-01 8.212654e+00 2.839185e+00 1.936213e+00
1020 1.556396e-01 8.536432e+00 2.758119e+00 1.920652e+00
1030 1.571655e-01 8.477670e+00 2.663994e+00 1.916474e+00
1040 1.586914e-01 7.986744e+00 2.561261e+00 1.924567e+00
1050 1.602173e-01 7.082543e+00 2.454702e+00 1.944473e+00
1060 1.617432e-01 5.870157e+00 2.348974e+00 1.974062e+00
1070 1.632690e-01 4.553563e+00 2.248016e+00 2.009756e+00
1080 1.647949e-01 3.461350e+00 2.154482e+00 2.047139e+00
1090 1.663208e-01 3.019662e+00 2.069369e+00 2.081620e+00
1100 1.678467e-01 3.332929e+00 1.991971e+00 2.108965e+00
1110 1.693726e-01 3.979767e+00 1.920174e+00 2.125621e+00
1120 1.708984e-01 4.596098e+00 1.851002e+00 2.128890e+00
1130 1.724243e-01 5.035926e+00 1.781256e+00 2.117021e+00
1140 1.739502e-01 5.265820e+00 1.708142e+00 2.089283e+00
1150 1.754761e-01 5.300111e+00 1.629829e+00 2.046068e+00
1160 1.770020e-01 5.172838e+00 1.545933e+00 1.989014e+00
1170 1.785278e-01 4.925005e+00 1.457952e+00 1.921133e+00
1180 1.800537e-01 4.598519e+00 1.369628e+00 1.846895e+00
1190 1.815796e-01 4.233124e+00 1.287121e+00 1.772180e+00
1200 1.831055e-01 3.864403e+00 1.218714e+00 1.703978e+00
1210 1.846313e-01 3.521697e+00 1.173536e+00 1.649695e+00
1220 1.861572e-01 3.225497e+00 1.159014e+00 1.615992e+00
1230 1.876831e-01 2.984985e+00 1.177815e+00 1.607331e+00
1240 1.892090e-01 2.797456e+00 1.226271e+00 1.624752e+00
1250 1.907349e-01 2.651065e+00 1.295593e+00 1.665512e+00
1260 1.922607e-01 2.530240e+00 1.374807e+00 1.723798e+00
1270 1.937866e-01 2.421109e+00 1.453464e+00 1.792149e+00
1280 1.953125e-01 2.314618e+00 1.523281e+00 1.862932e+00
1290 1.968384e-01 2.206856e+00 1.578896e+00 1.929506e+00
1300 1.983643e-01 2.097493e+00 1.618113e+00 1.986948e+00
1310 1.998901e-01 1.987598e+00 1.641820e+00 2.032378e+00
1320 2.014160e-01 1.877924e+00 1.653551e+00 2.064906e+00
1330 2.029419e-01 1.768375e+00 1.658583e+00 2.085211e+00
1340 2.044678e-01 1.658977e+00 1.662534e+00 2.094780e+00
1350 2.059937e-01 1.552107e+00 1.669633e+00 2.094945e+00
1360 2.075195e-01 1.455193e+00 1.681224e+00 2.085988e+00
1370 2.090454e-01 1.382314e+00 1.695150e+00 2.066622e+00
1380 2.105713e-01 1.352091e+00 1.706381e+00 2.034071e+00
1390 2.120972e-01 1.379760e+00 1.708611e+00 1.984761e+00
1400 2.136230e-01 1.467189e+00 1.696132e+00 1.915370e+00
1410 2.151489e-01 1.600310e+00 1.665350e+00 1.823913e+00
1420 2.166748e-01 1.756059e+00 1.615599e+00 1.710554e+00
1430 2.182007e-01 1.910931e+00 1.549209e+00 1.578018e+00
1440 2.197266e-01 2.045843e+00 1.470949e+00 1.431623e+00
1450 2.212524e-01 2.147742e+00 1.387009e+00 1.279034e+00
1460 2.227783e-01 2.209642e+00 1.303708e+00 1.129840e+00
1470 2.243042e-01 2.230017e+00 1.226149e+00 9.948799e-01
1480 2.258301e-01 2.211850e+00 1.157139e+00 8.849492e-01
1490 2.273560e-01 2.161490e+00 1.096723e+00 8.083090e-01
1500 2.288818e-01 2.087399e+00 1.042550e+00 7.672889e-01
1510 2.304077e-01 1.998885e+00 9.909096e-01 7.565096e-01
1520 2.319336e-01 1.904911e+00 9.380211e-01 7.652421e-01
1530 2.334595e-01 1.813083e+00 8.811199e-01 7.821676e-01
1540 2.349854e-01 1.728930e+00 8.191593e-01 7.988011e-01
1550 2.365112e-01 1.655609e+00 7.531744e-01 8.105051e-01
1560 2.380371e-01 1.594112e+00 6.864593e-01 8.161201e-01
1570 2.395630e-01 1.543944e+00 6.246335e-01 8.171675e-01
1580 2.410889e-01 1.504092e+00 5.753643e-01 8.169671e-01
1590 2.426147e-01 1.474029e+00 5.470067e-01 8.196788e-01
1600 2.441406e-01 1.454477e+00 5.455077e-01 8.292437e-01
1610 2.456665e-01 1.447714e+00 5.710715e-01 8.483500e-01
1620 2.471924e-01 1.457236e+00 6.179882e-01 8.777256e-01
1630 2.487183e-01 1.486719e+00 6.777900e-01 9.160277e-01
1640 2.502441e-01 1.538466e+00 7.423342e-01 9.603151e-01
1650 2.517700e-01 1.611885e+00 8.050913e-01 1.006805e+00
1660 2.532959e-01 1.702633e+00 8.612403e-01 1.051591e+00
1670 2.548218e-01 1.802755e+00 9.074022e-01 1.091155e+00
1680 2.563477e-01 1.901626e+00 9.413722e-01 1.122664e+00
1690 2.578735e-01 1.987306e+00 9.619272e-01 1.144104e+00
1700 2.593994e-01 2.047992e+00 9.686939e-01 1.154316e+00
1710 2.609253e-01 2.073441e+00 9.620524e-01 1.152957e+00
1720 2.624512e-01 2.056303e+00 9.430488e-01 1.140423e+00
1730 2.639771e-01 1.993267e+00 9.133036e-01 1.117742e+00
1740 2.655029e-01 1.885938e+00 8.749040e-01 1.086432e+00
1750 2.670288e-01 1.741329e+00 8.302751e-01 1.048345e+00
1760 2.685547e-01 1.571910e+00 7.820263e-01 1.005495e+00
1770 2.700806e-01 1.395124e+00 7.327754e-01 9.598827e-01
1780 2.716064e-01 1.232050e+00 6.849528e-01 9.133328e-01
1790 2.731323e-01 1.104129e+00 6.406002e-01 8.673580e-01
1800 2.746582e-01 1.026615e+00 6.011864e-01 8.230694e-01
1810 2.761841e-01 1.000865e+00 5.674831e-01 7.811496e-01
1820 2.777100e-01 1.013315e+00 5.395434e-01 7.418922e-01
1830 2.792358e-01 1.043995e+00 5.168109e-01 7.053036e-01
1840 2.807617e-01 1.075931e+00 4.983377e-01 6.712439e-01
1850 2.822876e-01 1.098893e+00 4.830517e-01 6.395804e-01
1860 2.838135e-01 1.108873e+00 4.699961e-01 6.103219e-01
1870 2.853394e-01 1.106169e+00 4.584906e-01 5.837113e-01
1880 2.868652e-01 1.093473e+00 4.481949e-01 5.602567e-01
1890 2.883911e-01 1.074304e+00 4.390854e-01 5.406906e-01
1900 2.899170e-01 1.051862e+00 4.313624e-01 5.258546e-01
1910 2.914429e-01 1.028318e+00 4.253141e-01 5.165207e-01
1920 2.929688e-01 1.004567e+00 4.211654e-01 5.131880e-01
1930 2.944946e-01 9.803847e-01 4.189454e-01 5.159171e-01
1940 2.960205e-01 9.548663e-01 4.184104e-01 5.242632e-01
1950 2.975464e-01 9.269545e-01 4.190407e-01 5.373318e-01
1960 2.990723e-01 8.959019e-01 4.201130e-01 5.539267e-01
1970 3.005981e-01 8.615807e-01 4.208244e-01 5.727299e-01
1980 3.021240e-01 8.246216e-01 4.204342e-01 5.924592e-01
1990 3.036499e-01 7.864054e-01 4.183962e-01 6.119778e-01
2000 3.051758e-01 7.489385e-01 4.144617e-01 6.303536e-01
2010 3.067017e-01 7.146310e-01 4.087403e-01 6.468779e-01
2020 3.082275e-01 6.859815e-01 4.017127e-01 6.610533e-01
2030 3.097534e-01 6.651818e-01 3.941849e-01 6.725620e-01
2040 3.112793e-01 6.536973e-01 3.871756e-01 6.812209e-01
2050 3.128052e-01 6.519437e-01 3.817399e-01 6.869320e-01
2060 3.143311e-01 6.591929e-01 3.787499e-01 6.896353e-01
2070 3.158569e-01 6.737522e-01 3.786922e-01 6.892735e-01
2080 3.173828e-01 6.933211e-01 3.815527e-01 6.857740e-01
2090 3.189087e-01 7.153729e-01 3.868388e-01 6.790526e-01
2100 3.204346e-01 7.374536e-01 3.937255e-01 6.690362e-01
2110 3.219604e-01 7.573740e-01 4.012604e-01 6.556979e-01
2120 3.234863e-01 7.733219e-01 4.085498e-01 6.390957e-01
2130 3.250122e-01 7.839281e-01 4.148809e-01 6.194023e-01
2140 3.265381e-01 7.883087e-01 4.197661e-01 5.969198e-01
2150 3.280640e-01 7.860890e-01 4.229237e-01 5.720725e-01
2160 3.295898e-01 7.774075e-01 4.242195e-01 5.453800e-01
2170 3.311157e-01 7.628913e-01 4.235936e-01 5.174144e-01
2180 3.326416e-01 7.435992e-01 4.209962e-01 4.887511e-01
2190 3.341675e-01 7.209286e-01 4.163486e-01 4.599244e-01
2200 3.356934e-01 6.964860e-01 4.095345e-01 4.313977e-01
2210 3.372192e-01 6.719288e-01 4.004221e-01 4.035581e-01
2220 3.387451e-01 6.487901e-01 3.889051e-01 3.767383e-01
2230 3.402710e-01 6.283101e-01 3.749527e-01 3.512631e-01
2240 3.417969e-01 6.113048e-01 3.586558e-01 3.275124e-01
2250 3.433228e-01 5.981041e-01 3.402628e-01 3.059837e-01
2260 3.448486e-01 5.885786e-01 3.202003e-01 2.873311e-01
2270 3.463745e-01 5.822458e-01 2.990786e-01 2.723510e-01
2280 3.479004e-01 5.784235e-01 2.776813e-01 2.618825e-01
2290 3.494263e-01 5.763845e-01 2.569371e-01 2.566149e-01
2300 3.509521e-01 5.754765e-01 2.378647e-01 2.568555e-01
2310 3.524780e-01 5.751890e-01 2.214791e-01 2.623706e-01
2320 3.540039e-01 5.751644e-01 2.086468e-01 2.723977e-01
2330 3.555298e-01 5.751669e-01 1.999065e-01 2.858161e-01
2340 3.570557e-01 5.750228e-01 1.953207e-01 3.013726e-01
2350 3.585815e-01 5.745524e-01 1.944498e-01 3.178639e-01
2360 3.601074e-01 5.735106e-01 1.964844e-01 3.342435e-01
2370 3.616333e-01 5.715526e-01 2.004701e-01 3.496679e-01
2380 3.631592e-01 5.682332e-01 2.055150e-01 3.635045e-01
2390 3.646851e-01 5.630427e-01 2.109149e-01 3.753218e-01
2400 3.662109e-01 5.554716e-01 2.161940e-01 3.848713e-01
2410 3.677368e-01 5.450921e-01 2.210911e-01 3.920653e-01
2420 3.692627e-01 5.316407e-01 2.255176e-01 3.969507e-01
2430 3.707886e-01 5.150867e-01 2.295049e-01 3.996815e-01
2440 3.723145e-01 4.956755e-01 2.331506e-01 4.004886e-01
2450 3.738403e-01 4.739388e-01 2.365697e-01 3.996485e-01
2460 3.753662e-01 4.506684e-01 2.398547e-01 3.974524e-01
2470 3.768921e-01 4.268538e-01 2.430486e-01 3.941779e-01
2480 3.784180e-01 4.035897e-01 2.461316e-01 3.900644e-01
2490 3.799438e-01 3.819602e-01 2.490221e-01 3.852947e-01
2500 3.814697e-01 3.629172e-01 2.515882e-01 3.799851e-01
2510 3.829956e-01 3.471739e-01 2.536669e-01 3.741827e-01
2520 3.845215e-01 3.351380e-01 2.550849e-01 3.678709e-01
2530 3.860474e-01 3.269028e-01 2.556784e-01 3.609808e-01
2540 3.875732e-01 3.222935e-01 2.553084e-01 3.534068e-01
2550 3.890991e-01 3.209448e-01 2.538713e-01 3.450246e-01
2560 3.906250e-01 3.223764e-01 2.513043e-01 3.357088e-01
2570 3.921509e-01 3.260428e-01 2.475861e-01 3.253501e-01
2580 3.936768e-01 3.313558e-01 2.427352e-01 3.138700e-01
2590 3.952026e-01 3.376932e-01 2.368053e-01 3.012347e-01
2600 3.967285e-01 3.444112e-01 2.298800e-01 2.874680e-01
2610 3.982544e-01 3.508692e-01 2.220669e-01 2.726631e-01
2620 3.997803e-01 3.564692e-01 2.134926e-01 2.569962e-01
2630 4.013062e-01 3.607019e-01 2.042979e-01 2.407413e-01
2640 4.028320e-01 3.631903e-01 1.946341e-01 2.242878e-01
2650 4.043579e-01 3.637226e-01 1.846610e-01 2.081592e-01
2660 4.058838e-01 3.622706e-01 1.745454e-01 1.930279e-01
2670 4.074097e-01 3.589879e-01 1.644614e-01 1.797118e-01
2680 4.089355e-01 3.541905e-01 1.545913e-01 1.691259e-01
2690 4.104614e-01 3.483196e-01 1.451272e-01 1.621524e-01
2700 4.119873e-01 3.418886e-01 1.362721e-01 1.594268e-01
2710 4.135132e-01 3.354210e-01 1.282385e-01 1.611186e-01
2720 4.150391e-01 3.293849e-01 1.212433e-01 1.668489e-01
2730 4.165649e-01 3.241336e-01 1.154945e-01 1.758137e-01
2740 4.180908e-01 3.198633e-01 1.111700e-01 1.870174e-01
2750 4.196167e-01 3.165972e-01 1.083909e-01 1.994780e-01
2760 4.211426e-01 3.141971e-01 1.071951e-01 2.123380e-01
2770 4.226685e-01 3.123993e-01 1.075246e-01 2.248995e-01
2780 4.241943e-01 3.108656e-01 1.092304e-01 2.366182e-01
2790 4.257202e-01 3.092358e-01 1.120970e-01 2.470843e-01
2800 4.272461e-01 3.071752e-01 1.158736e-01 2.560009e-01
2810 4.287720e-01 3.044090e-01 1.203036e-01 2.631653e-01
2820 4.302979e-01 3.007461e-01 1.251441e-01 2.684531e-01
2830 4.318237e-01 2.960908e-01 1.301756e-01 2.718048e-01
2840 4.333496e-01 2.904456e-01 1.352041e-01 2.732139e-01
2850 4.348755e-01 2.839078e-01 1.400585e-01 2.727166e-01
2860 4.364014e-01 2.766593e-01 1.445863e-01 2.703818e-01
2870 4.379272e-01 2.689528e-01 1.486501e-01 2.663032e-01
2880 4.394531e-01 2.610917e-01 1.521256e-01 2.605923e-01
2890 4.409790e-01 2.534059e-01 1.549009e-01 2.533730e-01
2900 4.425049e-01 2.462224e-01 1.568788e-01 2.447787e-01
2910 4.440308e-01 2.398333e-01 1.579792e-01 2.349504e-01
2920 4.455566e-01 2.344650e-01 1.581433e-01 2.240379e-01
2930 4.470825e-01 2.302515e-01 1.573368e-01 2.122022e-01
2940 4.486084e-01 2.272208e-01 1.555529e-01 1.996198e-01
2950 4.501343e-01 2.252943e-01 1.528139e-01 1.864881e-01
2960 4.516602e-01 2.243032e-01 1.491712e-01 1.730324e-01
2970 4.531860e-01 2.240149e-01 1.447038e-01 1.595142e-01
2980 4.547119e-01 2.241651e-01 1.395148e-01 1.462398e-01
2990 4.562378e-01 2.244887e-01 1.337271e-01 1.335691e-01
3000 4.577637e-01 2.247440e-01 1.274780e-01 1.219210e-01
3010 4.592896e-01 2.247307e-01 1.209136e-01 1.117669e-01
3020 4.608154e-01 2.242986e-01 1.141829e-01 1.035980e-01
3030 4.623413e-01 2.233509e-01 1.074335e-01 9.785032e-02
3040 4.638672e-01 2.218414e-01 1.008072e-01 9.479041e-02
3050 4.653931e-01 2.197690e-01 9.443828e-02 9.440961e-02
3060 4.669189e-01 2.171689e-01 8.845172e-02 9.640291e-02
3070 4.684448e-01 2.141025e-01 8.296372e-02 1.002579e-01
3080 4.699707e-01 2.106480e-01 7.808149e-02 1.053946e-01
3090 4.714966e-01 2.068896e-01 7.390236e-02 1.112770e-01
3100 4.730225e-01 2.029106e-01 7.051033e-02 1.174676e-01
3110 4.745483e-01 1.987865e-01 6.796954e-02 1.236366e-01
3120 4.760742e-01 1.945825e-01 6.631520e-02 1.295491e-01
3130 4.776001e-01 1.903528e-01 6.554466e-02 1.350466e-01
3140 4.791260e-01 1.861425e-01 6.561234e-02 1.400276e-01
3150 4.806519e-01 1.819913e-01 6.643142e-02 1.444321e-01
3160 4.821777e-01 1.779375e-01 6.788244e-02 1.482286e-01
3170 4.837036e-01 1.740215e-01 6.982595e-02 1.514040e-01
3180 4.852295e-01 1.702887e-01 7.211569e-02 1.539558e-01
3190 4.867554e-01 1.667889e-01 7.460932e-02 1.558864e-01
3200 4.882813e-01 1.635752e-01 7.717577e-02 1.571988e-01
3210 4.898071e-01 1.606988e-01 7.969943e-02 1.578942e-01
3220 4.913330e-01 1.582036e-01 8.208199e-02 1.579706e-01
3230 4.928589e-01 1.561193e-01 8.424272e-02 1.574225e-01
3240 4.943848e-01 1.544555e-01 8.611781e-02 1.562420e-01
3250 4.959106e-01 1.531969e-01 8.765925e-02 1.544197e-01
3260 4.974365e-01 1.523015e-01 8.883342e-02 1.519470e-01
3270 4.989624e-01 1.517029e-01 8.961954e-02 1.488179e-01
3280 5.004883e-01 1.513145e-01 9.000813e-02 1.450321e-01
3290 5.020142e-01 1.510375e-01 8.999947e-02 1.405968e-01
3300 5.035400e-01 1.507697e-01 8.960212e-02 1.355297e-01
3310 5.050659e-01 1.504156e-01 8.883149e-02 1.298613e-01
3320 5.065918e-01 1.498948e-01 8.770852e-02 1.236376e-01
3330 5.081177e-01 1.491493e-01 8.625840e-02 1.169227e-01
3340 5.096436e-01 1.481476e-01 8.450938e-02 1.098018e-01
3350 5.111694e-01 1.468872e-01 8.249165e-02 1.023847e-01
3360 5.126953e-01 1.453930e-01 8.023635e-02 9.481031e-02
3370 5.142212e-01 1.437132e-01 7.777471e-02 8.725223e-02
3380 5.157471e-01 1.419130e-01 7.513735e-02 7.992550e-02
3390 5.172729e-01 1.400654e-01 7.235392e-02 7.309278e-02
3400 5.187988e-01 1.382420e-01 6.945295e-02 6.706523e-02
3410 5.203247e-01 1.365032e-01 6.646218e-02 6.218755e-02
3420 5.218506e-01 1.348903e-01 6.340929e-02 5.879222e-02
3430 5.233765e-01 1.334202e-01 6.032306e-02 5.711727e-02
3440 5.249023e-01 1.320836e-01 5.723506e-02 5.721690e-02
3450 5.264282e-01 1.308471e-01 5.418162e-02 5.892681e-02
3460 5.279541e-01 1.296583e-01 5.120613e-02 6.191710e-02
3470 5.294800e-01 1.284533e-01 4.836122e-02 6.579279e-02
3480 5.310059e-01 1.271646e-01 4.571051e-02 7.017785e-02
3490 5.325317e-01 1.257293e-01 4.332883e-02 7.475648e-02
3500 5.340576e-01 1.240954e-01 4.130001e-02 7.928139e-02
3510 5.355835e-01 1.222266e-01 3.971060e-02 8.356653e-02
3520 5.371094e-01 1.201054e-01 3.863897e-02 8.747565e-02
3530 5.386353e-01 1.177337e-01 3.814100e-02 9.091170e-02
3540 5.401611e-01 1.151330e-01 3.823653e-02 9.380813e-02
3550 5.416870e-01 1.123421e-01 3.890211e-02 9.612239e-02
3560 5.432129e-01 1.094147e-01 4.007364e-02 9.783095e-02
3570 5.447388e-01 1.064159e-01 4.165738e-02 9.892553e-02
3580 5.462646e-01 1.034181e-01 4.354433e-02 9.941024e-02
3590 5.477905e-01 1.004963e-01 4.562293e-02 9.929930e-02
3600 5.493164e-01 9.772367e-02 4.778781e-02 9.861533e-02
3610 5.508423e-01 9.516601e-02 4.994445e-02 9.738788e-02
3620 5.523682e-01 9.287746e-02 5.201105e-02 9.565233e-02
3630 5.538940e-01 9.089632e-02 5.391864e-02 9.344900e-02
3640 5.554199e-01 8.924222e-02 5.561049e-02 9.082239e-02
3650 5.569458e-01 8.791490e-02 5.704110e-02 8.782061e-02
3660 5.584717e-01 8.689497e-02 5.817521e-02 8.449491e-02
3670 5.599976e-01 8.614646e-02 5.898683e-02 8.089927e-02
3680 5.615234e-01 8.562087e-02 5.945832e-02 7.709019e-02
3690 5.630493e-01 8.526205e-02 5.957962e-02 7.312652e-02
3700 5.645752e-01 8.501126e-02 5.934752e-02 6.906943e-02
3710 5.661011e-01 8.481178e-02 5.876507e-02 6.498256e-02
3720 5.676270e-01 8.461268e-02 5.784100e-02 6.093231e-02
3730 5.691528e-01 8.437157e-02 5.658935e-02 5.698820e-02
3740 5.706787e-01 8.405617e-02 5.502909e-02 5.322319e-02
3750 5.722046e-01 8.364497e-02 5.318392e-02 4.971369e-02
3760 5.737305e-01 8.312692e-02 5.108204e-02 4.653869e-02
3770 5.752563e-01 8.250045e-02 4.875618e-02 4.377725e-02
3780 5.767822e-01 8.177190e-02 4.624359e-02 4.150362e-02
3790 5.783081e-01 8.095355e-02 4.358626e-02 3.977955e-02
3800 5.798340e-01 8.006155e-02 4.083122e-02 3.864480e-02
3810 5.813599e-01 7.911373e-02 3.803112e-02 3.810853e-02
3820 5.828857e-01 7.812763e-02 3.524490e-02 3.814527e-02
3830 5.844116e-01 7.711889e-02 3.253865e-02 3.869783e-02
3840 5.859375e-01 7.610001e-02 2.998615e-02 3.968626e-02
3850 5.874634e-01 7.507973e-02 2.766860e-02 4.101933e-02
3860 5.889893e-01 7.406285e-02 2.567187e-02 4.260472e-02
3870 5.905151e-01 7.305059e-02 2.407966e-02 4.435583e-02
3880 5.920410e-01 7.204129e-02 2.296094e-02 4.619520e-02
3890 5.935669e-01 7.103131e-02 2.235384e-02 4.805534e-02
3900 5.950928e-01 7.001610e-02 2.225256e-02 4.987816e-02
3910 5.966187e-01 6.899109e-02 2.260581e-02 5.161376e-02
3920 5.981445e-01 6.795257e-02 2.332899e-02 5.321924e-02
3930 5.996704e-01 6.689824e-02 2.432324e-02 5.465756e-02
3940 6.011963e-01 6.582764e-02 2.549219e-02 5.589670e-02
3950 6.027222e-01 6.474228e-02 2.675171e-02 5.690917e-02
3960 6.042480e-01 6.364562e-02 2.803331e-02 5.767161e-02
3970 6.057739e-01 6.254296e-02 2.928363e-02 5.816469e-02
3980 6.072998e-01 6.144114e-02 3.046234e-02 5.837312e-02
3990 6.088257e-01 6.034830e-02 3.153966e-02 5.828577e-02
4000 6.103516e-01 5.927352e-02 3.249414e-02 5.789581e-02
4010 6.118774e-01 5.822651e-02 3.331079e-02 5.720088e-02
4020 6.134033e-01 5.721724e-02 3.397967e-02 5.620334e-02
4030 6.149292e-01 5.625553e-02 3.449468e-02 5.491037e-02
4040 6.164551e-01 5.535068e-02 3.485271e-02 5.333414e-02
4050 6.179810e-01 5.451090e-02 3.505297e-02 5.149194e-02
4060 6.195068e-01 5.374285e-02 3.509637e-02 4.940626e-02
4070 6.210327e-01 5.305105e-02 3.498519e-02 4.710491e-02
4080 6.225586e-01 5.243741e-02 3.472271e-02 4.462118e-02
4090 6.240845e-01 5.190081e-02 3.431300e-02 4.199418e-02
4100 6.256104e-01 5.143684e-02 3.376083e-02 3.926921e-02
4110 6.271362e-01 5.103777e-02 3.307157e-02 3.649855e-02
4120 6.286621e-01 5.069279e-02 3.225130e-02 3.374239e-02
4130 6.301880e-01 5.038843e-02 3.130686e-02 3.107009e-02
4140 6.317139e-01 5.010925e-02 3.024611e-02 2.856116e-02
4150 6.332397e-01 4.983868e-02 2.907817e-02 2.630517e-02
4160 6.347656e-01 4.955990e-02 2.781379e-02 2.439851e-02
4170 6.362915e-01 4.925676e-02 2.646578e-02 2.293528e-02
4180 6.378174e-01 4.891459e-02 2.504954e-02 2.199066e-02
4190 6.393433e-01 4.852095e-02 2.358367e-02 2.160009e-02
4200 6.408691e-01 4.806618e-02 2.209075e-02 2.174483e-02
4210 6.423950e-01 4.754380e-02 2.059823e-02 2.235451e-02
4220 6.439209e-01 4.695076e-02 1.913936e-02 2.332599e-02
4230 6.454468e-01 4.628746e-02 1.775416e-02 2.454709e-02
4240 6.469727e-01 4.555774e-02 1.648969e-02 2.591394e-02
4250 6.484985e-01 4.476863e-02 1.539902e-02 2.733919e-02
4260 6.500244e-01 4.392999e-02 1.453726e-02 2.875341e-02
4270 6.515503e-01 4.305412e-02 1.395363e-02 3.010329e-02
4280 6.530762e-01 4.215516e-02 1.368021e-02 3.134880e-02
4290 6.546021e-01 4.124844e-02 1.372165e-02 3.246047e-02
4300 6.561279e-01 4.034976e-02 1.405195e-02 3.341709e-02
4310 6.576538e-01 3.947456e-02 1.462092e-02 3.420401e-02
4320 6.591797e-01 3.863714e-02 1.536609e-02 3.481172e-02
4330 6.607056e-01 3.784981e-02 1.622406e-02 3.523487e-02
4340 6.622314e-01 3.712219e-02 1.713746e-02 3.547150e-02
4350 6.637573e-01 3.646067e-02 1.805788e-02 3.552247e-02
4360 6.652832e-01 3.586812e-02 1.894606e-02 3.539097e-02
4370 6.668091e-01 3.534381e-02 1.977100e-02 3.508223e-02
4380 6.683350e-01 3.488374e-02 2.050875e-02 3.460322e-02
4390 6.698608e-01 3.448112e-02 2.114124e-02 3.396245e-02
4400 6.713867e-01 3.412717e-02 2.165535e-02 3.316983e-02
4410 6.729126e-01 3.381198e-02 2.204214e-02 3.223653e-02
4420 6.744385e-01 3.352538e-02 2.229622e-02 3.117497e-02
4430 6.759644e-01 3.325776e-02 2.241532e-02 2.999875e-02
4440 6.774902e-01 3.300072e-02 2.239981e-02 2.872272e-02
4450 6.790161e-01 3.274751e-02 2.225246e-02 2.736303e-02
4460 6.805420e-01 3.249323e-02 2.197808e-02 2.593732e-02
4470 6.820679e-01 3.223490e-02 2.158329e-02 2.446498e-02
4480 6.835938e-01 3.197118e-02 2.107628e-02 2.296745e-02
4490 6.851196e-01 3.170212e-02 2.046664e-02 2.146875e-02
4500 6.866455e-01 3.142867e-02 1.976513e-02 1.999599e-02
4510 6.881714e-01 3.115219e-02 1.898356e-02 1.858002e-02
4520 6.896973e-01 3.087400e-02 1.813470e-02 1.725587e-02
4530 6.912231e-01 3.059497e-02 1.723217e-02 1.606271e-02
4540 6.927490e-01 3.031519e-02 1.629045e-02 1.504259e-02
4550 6.942749e-01 3.003382e-02 1.532489e-02 1.423710e-02
4560 6.958008e-01 2.974903e-02 1.435184e-02 1.368154e-02
4570 6.973267e-01 2.945817e-02 1.338875e-02 1.339727e-02
4580 6.988525e-01 2.915792e-02 1.245443e-02 1.338521e-02
4590 7.003784e-01 2.884464e-02 1.156911e-02 1.362409e-02
4600 7.019043e-01 2.851470e-02 1.075450e-02 1.407480e-02
4610 7.034302e-01 2.816483e-02 1.003332e-02 1.468850e-02
4620 7.049561e-01 2.779246e-02 9.428108e-03 1.541461e-02
4630 7.064819e-01 2.739597e-02 8.959076e-03 1.620620e-02
4640 7.080078e-01 2.697489e-02 8.640897e-03 1.702258e-02
4650 7.095337e-01 2.653005e-02 8.479389e-03 1.782982e-02
4660 7.110596e-01 2.606352e-02 8.469451e-03 1.860026e-02
4670 7.125854e-01 2.557866e-02 8.595530e-03 1.931166e-02
4680 7.141113e-01 2.507992e-02 8.834573e-03 1.994641e-02
4690 7.156372e-01 2.457270e-02 9.160079e-03 2.049072e-02
4700 7.171631e-01 2.406305e-02 9.545694e-03 2.093406e-02
4710 7.186890e-01 2.355746e-02 9.967498e-03 2.126872e-02
4720 7.202148e-01 2.306251e-02 1.040500e-02 2.148947e-02
4730 7.217407e-01 2.258454e-02 1.084124e-02 2.159327e-02
4740 7.232666e-01 2.212938e-02 1.126249e-02 2.157910e-02
4750 7.247925e-01 2.170205e-02 1.165768e-02 2.144773e-02
4760 7.263184e-01 2.130650e-02 1.201798e-02 2.120164e-02
4770 7.278442e-01 2.094547e-02 1.233632e-02 2.084488e-02
4780 7.293701e-01 2.062034e-02 1.260704e-02 2.038294e-02
4790 7.308960e-01 2.033114e-02 1.282565e-02 1.982265e-02
4800 7.324219e-01 2.007657e-02 1.298862e-02 1.917213e-02
4810 7.339478e-01 1.985419e-02 1.309328e-02 1.844070e-02
4820 7.354736e-01 1.966053e-02 1.313768e-02 1.763883e-02
4830 7.369995e-01 1.949141e-02 1.312059e-02 1.677817e-02
4840 7.385254e-01 1.934213e-02 1.304145e-02 1.587155e-02
4850 7.400513e-01 1.920775e-02 1.290040e-02 1.493310e-02
4860 7.415771e-01 1.908332e-02 1.269827e-02 1.397837e-02
4870 7.431030e-01 1.896408e-02 1.243660e-02 1.302463e-02
4880 7.446289e-01 1.884565e-02 1.211771e-02 1.209110e-02
4890 7.461548e-01 1.872413e-02 1.174468e-02 1.119927e-02
4900 7.476807e-01 1.859621e-02 1.132146e-02 1.037307e-02
4910 7.492065e-01 1.845924e-02 1.085289e-02 9.638531e-03
4920 7.507324e-01 1.831121e-02 1.034476e-02 9.022572e-03
4930 7.522583e-01 1.815077e-02 9.803925e-03 8.550336e-03
4940 7.537842e-01 1.797718e-02 9.238416e-03 8.240937e-03
4950 7.553101e-01 1.779030e-02 8.657589e-03 8.102690e-03
4960 7.568359e-01 1.759045e-02 8.072338e-03 8.130000e-03
4970 7.583618e-01 1.737841e-02 7.495340e-03 8.303941e-03
4980 7.598877e-01 1.715526e-02 6.941296e-03 8.596419e-03
4990 7.614136e-01 1.692233e-02 6.427068e-03 8.975708e-03
5000 7.629395e-01 1.668111e-02 5.971447e-03 9.411029e-03
5010 7.644653e-01 1.643313e-02 5.594160e-03 9.875173e-03
5020 7.659912e-01 1.617991e-02 5.313657e-03 1.034542e-02
5030 7.675171e-01 1.592292e-02 5.143623e-03 1.080346e-02
5040 7.690430e-01 1.566348e-02 5.089182e-03 1.123482e-02
5050 7.705688e-01 1.540278e-02 5.144770e-03 1.162825e-02
5060 7.720947e-01 1.514188e-02 5.295177e-03 1.197514e-02
5070 7.736206e-01 1.488170e-02 5.519241e-03 1.226902e-02
5080 7.751465e-01 1.462308e-02 5.794136e-03 1.250514e-02
5090 7.766724e-01 1.436684e-02 6.098518e-03 1.268025e-02
5100 7.781982e-01 1.411379e-02 6.414074e-03 1.279231e-02
5110 7.797241e-01 1.386481e-02 6.725906e-03 1.284035e-02
5120 7.812500e-01 1.362090e-02 7.022283e-03 1.282432e-02
5130 7.827759e-01 1.338317e-02 7.294189e-03 1.274500e-02
5140 7.843018e-01 1.315287e-02 7.534846e-03 1.260392e-02
5150 7.858276e-01 1.293137e-02 7.739297e-03 1.240326e-02
5160 7.873535e-01 1.272007e-02 7.904075e-03 1.214585e-02
5170 7.888794e-01 1.252037e-02 8.026937e-03 1.183514e-02
5180 7.904053e-01 1.233355e-02 8.106654e-03 1.147509e-02
5190 7.919312e-01 1.216065e-02 8.142844e-03 1.107027e-02
5200 7.934570e-01 1.200238e-02 8.135847e-03 1.062580e-02
5210 7.949829e-01 1.185903e-02 8.086610e-03 1.014738e-02
5220 7.965088e-01 1.173037e-02 7.996605e-03 9.641340e-03
5230 7.980347e-01 1.161566e-02 7.867754e-03 9.114733e-03
5240 7.995605e-01 1.151357e-02 7.702372e-03 8.575412e-03
5250 8.010864e-01 1.142229e-02 7.503120e-03 8.032191e-03
5260 8.026123e-01 1.133960e-02 7.272970e-03 7.495016e-03
5270 8.041382e-01 1.126294e-02 7.015184e-03 6.975156e-03
5280 8.056641e-01 1.118957e-02 6.733300e-03 6.485351e-03
5290 8.071899e-01 1.111670e-02 6.431141e-03 6.039784e-03
5300 8.087158e-01 1.104162e-02 6.112830e-03 5.653681e-03
5310 8.102417e-01 1.096185e-02 5.782832e-03 5.342243e-03
5320 8.117676e-01 1.087519e-02 5.446011e-03 5.118696e-03
5330 8.132935e-01 1.077988e-02 5.107710e-03 4.991685e-03
5340 8.148193e-01 1.067460e-02 4.773852e-03 4.962871e-03
5350 8.163452e-01 1.055851e-02 4.451042e-03 5.025989e-03
5360 8.178711e-01 1.043130e-02 4.146650e-03 5.168021e-03
5370 8.193970e-01 1.029313e-02 3.868800e-03 5.371910e-03
5380 8.209229e-01 1.014462e-02 3.626171e-03 5.619470e-03
5390 8.224487e-01 9.986828e-03 3.427447e-03 5.893537e-03
5400 8.239746e-01 9.821128e-03 3.280325e-03 6.179075e-03
5410 8.255005e-01 9.649195e-03 3.190155e-03 6.463508e-03
5420 8.270264e-01 9.472903e-03 3.158594e-03 6.736607e-03
5430 8.285522e-01 9.294245e-03 3.182924e-03 6.990203e-03
5440 8.300781e-01 9.115254e-03 3.256451e-03 7.217865e-03
5450 8.316040e-01 8.937922e-03 3.369809e-03 7.414611e-03
5460 8.331299e-01 8.764122e-03 3.512558e-03 7.576673e-03
5470 8.346558e-01 8.595550e-03 3.674489e-03 7.701304e-03
5480 8.361816e-01 8.433663e-03 3.846398e-03 7.786631e-03
5490 8.377075e-01 8.279648e-03 4.020395e-03 7.831545e-03
5500 8.392334e-01 8.134392e-03 4.189918e-03 7.835606e-03
5510 8.407593e-01 7.998479e-03 4.349616e-03 7.798978e-03
5520 8.422852e-01 7.872193e-03 4.495175e-03 7.722367e-03
5530 8.438110e-01 7.755545e-03 4.623164e-03 7.606980e-03
5540 8.453369e-01 7.648300e-03 4.730894e-03 7.454482e-03
5550 8.468628e-01 7.550019e-03 4.816312e-03 7.266973e-03
5560 8.483887e-01 7.460099e-03 4.877915e-03 7.046961e-03
5570 8.499146e-01 7.377817e-03 4.914684e-03 6.797353e-03
5580 8.514404e-01 7.302369e-03 4.926039e-03 6.521445e-03
5590 8.529663e-01 7.232903e-03 4.911795e-03 6.222933e-03
5600 8.544922e-01 7.168543e-03 4.872139e-03 5.905933e-03
5610 8.560181e-01 7.108413e-03 4.807603e-03 5.575024e-03
5620 8.575439e-01 7.051649e-03 4.719044e-03 5.235305e-03
5630 8.590698e-01 6.997405e-03 4.607634e-03 4.892489e-03
5640 8.605957e-01 6.944858e-03 4.474842e-03 4.553012e-03
5650 8.621216e-01 6.893211e-03 4.322433e-03 4.224166e-03
5660 8.636475e-01 6.841690e-03 4.152459e-03 3.914199e-03
5670 8.651733e-01 6.789552e-03 3.967263e-03 3.632324e-03
5680 8.666992e-01 6.736081e-03 3.769492e-03 3.388463e-03
5690 8.682251e-01 6.680600e-03 3.562115e-03 3.192544e-03
5700 8.697510e-01 6.622472e-03 3.348454e-03 3.053168e-03
5710 8.712769e-01 6.561119e-03 3.132234e-03 2.975810e-03
5720 8.728027e-01 6.496028e-03 2.917645e-03 2.961178e-03
5730 8.743286e-01 6.426765e-03 2.709404e-03 3.004658e-03
5740 8.758545e-01 6.352996e-03 2.512811e-03 3.097276e-03
5750 8.773804e-01 6.274497e-03 2.333729e-03 3.227647e-03
5760 8.789063e-01 6.191166e-03 2.178413e-03 3.383968e-03
5770 8.804321e-01 6.103039e-03 2.053056e-03 3.555368e-03
5780 8.819580e-01 6.010298e-03 1.962976e-03 3.732535e-03
5790 8.834839e-01 5.913274e-03 1.911524e-03 3.907840e-03
5800 8.850098e-01 5.812449e-03 1.899109e-03 4.075197e-03
5810 8.865356e-01 5.708454e-03 1.922871e-03 4.229836e-03
5820 8.880615e-01 5.602058e-03 1.977262e-03 4.368074e-03
5830 8.895874e-01 5.494152e-03 2.055230e-03 4.487116e-03
5840 8.911133e-01 5.385732e-03 2.149437e-03 4.584900e-03
5850 8.926392e-01 5.277866e-03 2.253103e-03 4.659967e-03
5860 8.941650e-01 5.171665e-03 2.360414e-03 4.711369e-03
5870 8.956909e-01 5.068242e-03 2.466607e-03 4.738594e-03
5880 8.972168e-01 4.968675e-03 2.567893e-03 4.741508e-03
5890 8.987427e-01 4.873955e-03 2.661318e-03 4.720308e-03
5900 9.002686e-01 4.784948e-03 2.744616e-03 4.675488e-03
5910 9.017944e-01 4.702352e-03 2.816087e-03 4.607813e-03
5920 9.033203e-01 4.626664e-03 2.874491e-03 4.518291e-03
5930 9.048462e-01 4.558149e-03 2.918966e-03 4.408162e-03
5940 9.063721e-01 4.496835e-03 2.948969e-03 4.278881e-03
5950 9.078979e-01 4.442507e-03 2.964221e-03 4.132118e-03
5960 9.094238e-01 4.394721e-03 2.964676e-03 3.969750e-03
5970 9.109497e-01 4.352835e-03 2.950486e-03 3.793875e-03
5980 9.124756e-01 4.316040e-03 2.921982e-03 3.606823e-03
5990 9.140015e-01 4.283410e-03 2.879652e-03 3.411181e-03
6000 9.155273e-01 4.253947e-03 2.824130e-03 3.209834e-03
6010 9.170532e-01 4.226625e-03 2.756186e-03 3.006017e-03
6020 9.185791e-01 4.200444e-03 2.676717e-03 2.803383e-03
6030 9.201050e-01 4.174456e-03 2.586746e-03 2.606079e-03
6040 9.216309e-01 4.147807e-03 2.487420e-03 2.418818e-03
6050 9.231567e-01 4.119754e-03 2.380015e-03 2.246902e-03
6060 9.246826e-01 4.089680e-03 2.265945e-03 2.096114e-03
6070 9.262085e-01 4.057106e-03 2.146776e-03 1.972384e-03
6080 9.277344e-01 4.021688e-03 2.024247e-03 1.881097e-03
6090 9.292603e-01 3.983213e-03 1.900303e-03 1.826091e-03
6100 9.307861e-01 3.941590e-03 1.777125e-03 1.808625e-03
6110 9.323120e-01 3.896840e-03 1.657174e-03 1.826842e-03
6120 9.338379e-01 3.849076e-03 1.543220e-03 1.876085e-03
6130 9.353638e-01 3.798495e-03 1.438350e-03 1.949920e-03
6140 9.368896e-01 3.745356e-03 1.345899e-03 2.041324e-03
6150 9.384155e-01 3.689968e-03 1.269263e-03 2.143603e-03
6160 9.399414e-01 3.632676e-03 1.211533e-03 2.250881e-03
6170 9.414673e-01 3.573849e-03 1.174969e-03 2.358252e-03
6180 9.429932e-01 3.513871e-03 1.160450e-03 2.461741e-03
6190 9.445190e-01 3.453133e-03 1.167154e-03 2.558189e-03
6200 9.460449e-01 3.392026e-03 1.192663e-03 2.645122e-03
6210 9.475708e-01 3.330938e-03 1.233449e-03 2.720634e-03
6220 9.490967e-01 3.270254e-03 1.285517e-03 2.783287e-03
6230 9.506226e-01 3.210348e-03 1.344934e-03 2.832039e-03
6240 9.521484e-01 3.151587e-03 1.408157e-03 2.866182e-03
6250 9.536743e-01 3.094325e-03 1.472161e-03 2.885298e-03
6260 9.552002e-01 3.038901e-03 1.534453e-03 2.889222e-03
6270 9.567261e-01 2.985634e-03 1.593022e-03 2.878014e-03
6280 9.582520e-01 2.934814e-03 1.646268e-03 2.851941e-03
6290 9.597778e-01 2.886701e-03 1.692944e-03 2.811452e-03
6300 9.613037e-01 2.841507e-03 1.732093e-03 2.757168e-03
6310 9.628296e-01 2.799394e-03 1.763006e-03 2.689869e-03
6320 9.643555e-01 2.760460e-03 1.785183e-03 2.610486e-03
6330 9.658813e-01 2.724734e-03 1.798308e-03 2.520095e-03
6340 9.674072e-01 2.692168e-03 1.802225e-03 2.419912e-03
6350 9.689331e-01 2.662635e-03 1.796924e-03 2.311297e-03
6360 9.704590e-01 2.635930e-03 1.782520e-03 2.195760e-03
6370 9.719849e-01 2.611772e-03 1.759251e-03 2.074972e-03
6380 9.735107e-01 2.589815e-03 1.727462e-03 1.950788e-03
6390 9.750366e-01 2.569658e-03 1.687599e-03 1.825274e-03
6400 9.765625e-01 2.550857e-03 1.640209e-03 1.700745e-03
6410 9.780884e-01 2.532947e-03 1.585928e-03 1.579809e-03
6420 9.796143e-01 2.515450e-03 1.525484e-03 1.465404e-03
6430 9.811401e-01 2.497897e-03 1.459698e-03 1.360798e-03
6440 9.826660e-01 2.479846e-03 1.389484e-03 1.269515e-03
6450 9.841919e-01 2.460886e-03 1.315858e-03 1.195109e-03
6460 9.857178e-01 2.440662e-03 1.239950e-03 1.140728e-03
6470 9.872437e-01 2.418872e-03 1.163017e-03 1.108507e-03
6480 9.887695e-01 2.395283e-03 1.086465e-03 1.098973e-03
6490 9.902954e-01 2.369733e-03 1.011874e-03 1.110787e-03
6500 9.918213e-01 2.342131e-03 9.410121e-04 1.140987e-03
6510 9.933472e-01 2.312459e-03 8.758383e-04 1.185632e-03
6520 9.948730e-01 2.280773e-03 8.184589e-04 1.240505e-03
6530 9.963989e-01 2.247192e-03 7.710031e-04 1.301639e-03
6540 9.979248e-01 2.211900e-03 7.353871e-04 1.365583e-03
6550 9.994507e-01 2.175135e-03 7.129775e-04 1.429476e-03
6560 1.000977e+00 2.137185e-03 7.042481e-04 1.491014e-03
6570 1.002502e+00 2.098372e-03 7.085941e-04 1.548376e-03
6580 1.004028e+00 2.059051e-03 7.244210e-04 1.600142e-03
6590 1.005554e+00 2.019592e-03 7.494750e-04 1.645220e-03
6600 1.007080e+00 1.980374e-03 7.812500e-04 1.682790e-03
6610 1.008606e+00 1.941770e-03 8.173170e-04 1.712256e-03
6620 1.010132e+00 1.904137e-03 8.555151e-04 1.733206e-03
6630 1.011658e+00 1.867808e-03 8.940222e-04 1.745393e-03
6640 1.013184e+00 1.833075e-03 9.313527e-04 1.748708e-03
6650 1.014709e+00 1.800188e-03 9.663217e-04 1.743164e-03
6660 1.016235e+00 1.769340e-03 9.979996e-04 1.728887e-03
6670 1.017761e+00 1.740668e-03 1.025669e-03 1.706104e-03
6680 1.019287e+00 1.714248e-03 1.048790e-03 1.675135e-03
6690 1.020813e+00 1.690091e-03 1.066968e-03 1.636391e-03
6700 1.022339e+00 1.668149e-03 1.079932e-03 1.590367e-03
6710 1.023865e+00 1.648322e-03 1.087517e-03 1.537640e-03
6720 1.025391e+00 1.630456e-03 1.089651e-03 1.478873e-03
6730 1.026917e+00 1.614358e-03 1.086342e-03 1.414813e-03
6740 1.028442e+00 1.599805e-03 1.077669e-03 1.346300e-03
6750 1.029968e+00 1.586547e-03 1.063778e-03 1.274273e-03
6760 1.031494e+00 1.574323e-03 1.044874e-03 1.199786e-03
6770 1.033020e+00 1.562867e-03 1.021218e-03 1.124022e-03
6780 1.034546e+00 1.551913e-03 9.931242e-04 1.048327e-03
6790 1.036072e+00 1.541207e-03 9.609570e-04 9.742281e-04
6800 1.037598e+00 1.530508e-03 9.251319e-04 9.034700e-04
6810 1.039124e+00 1.519592e-03 8.861149e-04 8.380263e-04
6820 1.040649e+00 1.508260e-03 8.444260e-04 7.800737e-04
6830 1.042175e+00 1.496334e-03 8.006435e-04 7.318822e-04
6840 1.043701e+00 1.483663e-03 7.554108e-04 6.955754e-04
6850 1.045227e+00 1.470123e-03 7.094468e-04 6.727553e-04
6860 1.046753e+00 1.455619e-03 6.635584e-04 6.640879e-04
6870 1.048279e+00 1.440082e-03 6.186551e-04 6.690488e-04
6880 1.049805e+00 1.423471e-03 5.757621e-04 6.859944e-04
6890 1.051331e+00 1.405777e-03 5.360251e-04 7.125334e-04
6900 1.052856e+00 1.387015e-03 5.006913e-04 7.459972e-04
6910 1.054382e+00 1.367230e-03 4.710482e-04 7.838160e-04
6920 1.055908e+00 1.346494e-03 4.482962e-04 8.237260e-04
6930 1.057434e+00 1.324907e-03 4.333556e-04 8.638386e-04
6940 1.058960e+00 1.302590e-03 4.266522e-04 9.026289e-04
6950 1.060486e+00 1.279691e-03 4.279739e-04 9.388903e-04
6960 1.062012e+00 1.256377e-03 4.364850e-04 9.716832e-04
6970 1.063538e+00 1.232831e-03 4.508984e-04 1.000287e-03
6980 1.065063e+00 1.209250e-03 4.697182e-04 1.024164e-03
6990 1.066589e+00 1.185840e-03 4.914539e-04 1.042923e-03
7000 1.068115e+00 1.162812e-03 5.147542e-04 1.056302e-03
7010 1.069641e+00 1.140369e-03 5.384638e-04 1.064147e-03
7020 1.071167e+00 1.118711e-03 5.616309e-04 1.066398e-03
7030 1.072693e+00 1.098017e-03 5.834892e-04 1.063077e-03
7040 1.074219e+00 1.078446e-03 6.034319e-04 1.054281e-03
7050 1.075745e+00 1.060127e-03 6.209863e-04 1.040173e-03
7060 1.077271e+00 1.043157e-03 6.357912e-04 1.020978e-03
7070 1.078796e+00 1.027592e-03 6.475793e-04 9.969767e-04
7080 1.080322e+00 1.013451e-03 6.561626e-04 9.685023e-04
7090 1.081848e+00 1.000707e-03 6.614214e-04 9.359394e-04
7100 1.083374e+00 9.892989e-04 6.632959e-04 8.997218e-04
7110 1.084900e+00 9.791250e-04 6.617791e-04 8.603331e-04
7120 1.086426e+00 9.700537e-04 6.569117e-04 8.183090e-04
7130 1.087952e+00 9.619276e-04 6.487776e-04 7.742420e-04
7140 1.089478e+00 9.545706e-04 6.375004e-04 7.287882e-04
7150 1.091003e+00 9.477956e-04 6.232409e-04 6.826783e-04
7160 1.092529e+00 9.414115e-04 6.061945e-04 6.367310e-04
7170 1.094055e+00 9.352298e-04 5.865903e-04 5.918699e-04
7180 1.095581e+00 9.290706e-04 5.646902e-04 5.491387e-04
7190 1.097107e+00 9.227679e-04 5.407887e-04 5.097078e-04
7200 1.098633e+00 9.161731e-04 5.152141e-04 4.748567e-04
7210 1.100159e+00 9.091581e-04 4.883313e-04 4.459070e-04
7220 1.101685e+00 9.016176e-04 4.605449e-04 4.240827e-04
7230 1.103210e+00 8.934697e-04 4.323055e-04 4.102954e-04
7240 1.104736e+00 8.846562e-04 4.041163e-04 4.049117e-04
7250 1.106262e+00 8.751427e-04 3.765423e-04 4.076135e-04
7260 1.107788e+00 8.649176e-04 3.502170e-04 4.174400e-04
7270 1.109314e+00 8.539906e-04 3.258447e-04 4.329985e-04
7280 1.110840e+00 8.423917e-04 3.041887e-04 4.527316e-04
7290 1.112366e+00 8.301687e-04 2.860322e-04 4.751327e-04
7300 1.113892e+00 8.173862e-04 2.721006e-04 4.988678e-04
7310 1.115417e+00 8.041228e-04 2.629431e-04 5.228181e-04
7320 1.116943e+00 7.904691e-04 2.588033e-04 5.460747e-04
7330 1.118469e+00 7.765258e-04 2.595360e-04 5.679140e-04
7340 1.119995e+00 7.624011e-04 2.646189e-04 5.877681e-04
7350 1.121521e+00 7.482082e-04 2.732610e-04 6.051968e-04
7360 1.123047e+00 7.340632e-04 2.845509e-04 6.198659e-04
7370 1.124573e+00 7.200823e-04 2.975861e-04 6.315288e-04
7380 1.126099e+00 7.063791e-04 3.115527e-04 6.400126e-04
7390 1.127625e+00 6.930620e-04 3.257581e-04 6.452083e-04
7400 1.129150e+00 6.802317e-04 3.396344e-04 6.470622e-04
7410 1.130676e+00 6.679783e-04 3.527266e-04 6.455695e-04
7420 1.132202e+00 6.563788e-04 3.646762e-04 6.407703e-04
7430 1.133728e+00 6.454950e-04 3.752053e-04 6.327449e-04
7440 1.135254e+00 6.353714e-04 3.841027e-04 6.216113e-04
7450 1.136780e+00 6.260338e-04 3.912124e-04 6.075228e-04
7460 1.138306e+00 6.174884e-04 3.964253e-04 5.906661e-04
7470 1.139832e+00 6.097219e-04 3.996719e-04 5.712607e-04
7480 1.141357e+00 6.027015e-04 4.009174e-04 5.495581e-04
7490 1.142883e+00 5.963767e-04 4.001569e-04 5.258423e-04
7500 1.144409e+00 5.906806e-04 3.974129e-04 5.004316e-04
7510 1.145935e+00 5.855331e-04 3.927323e-04 4.736809e-04
7520 1.147461e+00 5.808432e-04 3.861843e-04 4.459867e-04
7530 1.148987e+00 5.765124e-04 3.778592e-04 4.177932e-04
7540 1.150513e+00 5.724379e-04 3.678673e-04 3.896010e-04
7550 1.152039e+00 5.685161e-04 3.563377e-04 3.619775e-04
7560 1.153564e+00 5.646452e-04 3.434187e-04 3.355671e-04
7570 1.155090e+00 5.607286e-04 3.292777e-04 3.110971e-04
7580 1.156616e+00 5.566766e-04 3.141019e-04 2.893686e-04
7590 1.158142e+00 5.524092e-04 2.981002e-04 2.712179e-04
7600 1.159668e+00 5.478572e-04 2.815056e-04 2.574317e-04
7610 1.161194e+00 5.429639e-04 2.645785e-04 2.486109e-04
7620 1.162720e+00 5.376855e-04 2.476114e-04 2.450179e-04
7630 1.164246e+00 5.319920e-04 2.309343e-04 2.464788e-04
7640 1.165771e+00 5.258672e-04 2.149199e-04 2.524038e-04
7650 1.167297e+00 5.193084e-04 1.999860e-04 2.619199e-04
7660 1.168823e+00 5.123266e-04 1.865910e-04 2.740448e-04
7670 1.170349e+00 5.049449e-04 1.752144e-04 2.878285e-04
7680 1.171875e+00 4.971985e-04 1.663141e-04 3.024320e-04
7690 1.173401e+00 4.891332e-04 1.602581e-04 3.171554e-04
7700 1.174927e+00 4.808040e-04 1.572434e-04 3.314333e-04
7710 1.176453e+00 4.722740e-04 1.572344e-04 3.448191e-04
7720 1.177979e+00 4.636123e-04 1.599569e-04 3.569649e-04
7730 1.179504e+00 4.548929e-04 1.649540e-04 3.676039e-04
7740 1.181030e+00 4.461920e-04 1.716761e-04 3.765361e-04
7750 1.182556e+00 4.375867e-04 1.795641e-04 3.836163e-04
7760 1.184082e+00 4.291526e-04 1.881055e-04 3.887455e-04
7770 1.185608e+00 4.209615e-04 1.968590e-04 3.918640e-04
7780 1.187134e+00 4.130798e-04 2.054604e-04 3.929458e-04
7790 1.188660e+00 4.055663e-04 2.136157e-04 3.919951e-04
7800 1.190186e+00 3.984702e-04 2.210924e-04 3.890422e-04
7810 1.191711e+00 3.918300e-04 2.277094e-04 3.841420e-04
7820 1.193237e+00 3.856721e-04 2.333282e-04 3.773710e-04
7830 1.194763e+00 3.800101e-04 2.378462e-04 3.688261e-04
7840 1.196289e+00 3.748444e-04 2.411912e-04 3.586237e-04
7850 1.197815e+00 3.701628e-04 2.433165e-04 3.468983e-04
7860 1.199341e+00 3.659408e-04 2.441982e-04 3.338030e-04
7870 1.200867e+00 3.621432e-04 2.438321e-04 3.195090e-04
7880 1.202393e+00 3.587253e-04 2.422316e-04 3.042067e-04
7890 1.203918e+00 3.556351e-04 2.394263e-04 2.881076e-04
7900 1.205444e+00 3.528150e-04 2.354602e-04 2.714467e-04
7910 1.206970e+00 3.502038e-04 2.303909e-04 2.544863e-04
7920 1.208496e+00 3.477392e-04 2.242886e-04 2.375211e-04
7930 1.210022e+00 3.453590e-04 2.172358e-04 2.208845e-04
7940 1.211548e+00 3.430033e-04 2.093264e-04 2.049545e-04
7950 1.213074e+00 3.406157e-04 2.006663e-04 1.901576e-04
7960 1.214600e+00 3.381446e-04 1.913733e-04 1.769640e-04
7970 1.216125e+00 3.355442e-04 1.815779e-04 1.658674e-04
7980 1.217651e+00 3.327751e-04 1.714250e-04 1.573370e-04
7990 1.219177e+00 3.298051e-04 1.610755e-04 1.517417e-04
8000 1.220703e+00 3.266093e-04 1.507091e-04 1.492601e-04
8010 1.222229e+00 3.231704e-04 1.405270e-04 1.498187e-04
8020 1.223755e+00 3.194788e-04 1.307556e-04 1.530952e-04
8030 1.225281e+00 3.155323e-04 1.216472e-04 1.585892e-04
8040 1.226807e+00 3.113359e-04 1.134775e-04 1.657232e-04
8050 1.228333e+00 3.069020e-04 1.065337e-04 1.739277e-04
8060 1.229858e+00 3.022493e-04 1.010895e-04 1.826934e-04
8070 1.231384e+00 2.974027e-04 9.736417e-05 1.915907e-04
8080 1.232910e+00 2.923926e-04 9.547472e-05 2.002694e-04
8090 1.234436e+00 2.872544e-04 9.539967e-05 2.084508e-04
8100 1.235962e+00 2.820274e-04 9.697522e-05 2.159158e-04
8110 1.237488e+00 2.767540e-04 9.992832e-05 2.224949e-04
8120 1.239014e+00 2.714790e-04 1.039299e-04 2.280595e-04
8130 1.240540e+00 2.662481e-04 1.086448e-04 2.325147e-04
8140 1.242065e+00 2.611072e-04 1.137655e-04 2.357940e-04
8150 1.243591e+00 2.561004e-04 1.190271e-04 2.378555e-04
8160 1.245117e+00 2.512697e-04 1.242102e-04 2.386783e-04
8170 1.246643e+00 2.466528e-04 1.291382e-04 2.382601e-04
8180 1.248169e+00 2.422826e-04 1.336709e-04 2.366156e-04
8190 1.249695e+00 2.381857e-04 1.376988e-04 2.337746e-04
8200 1.251221e+00 2.343813e-04 1.411378e-04 2.297809e-04
8210 1.252747e+00 2.308810e-04 1.439251e-04 2.246914e-04
8220 1.254272e+00 2.276881e-04 1.460159e-04 2.185753e-04
8230 1.255798e+00 2.247975e-04 1.473803e-04 2.115135e-04
8240 1.257324e+00 2.221962e-04 1.480021e-04 2.035986e-04
8250 1.258850e+00 2.198638e-04 1.478763e-04 1.949349e-04
8260 1.260376e+00 2.177733e-04 1.470087e-04 1.856387e-04
8270 1.261902e+00 2.158924e-04 1.454144e-04 1.758394e-04
8280 1.263428e+00 2.141851e-04 1.431172e-04 1.656808e-04
8290 1.264954e+00 2.126125e-04 1.401491e-04 1.553236e-04
8300 1.266479e+00 2.111346e-04 1.365497e-04 1.449484e-04
8310 1.268005e+00 2.097115e-04 1.323661e-04 1.347591e-04
8320 1.269531e+00 2.083047e-04 1.276526e-04 1.249871e-04
8330 1.271057e+00 2.068781e-04 1.224707e-04 1.158931e-04
8340 1.272583e+00 2.053986e-04 1.168896e-04 1.077655e-04
8350 1.274109e+00 2.038374e-04 1.109864e-04 1.009076e-04
8360 1.275635e+00 2.021696e-04 1.048472e-04 9.560962e-05
8370 1.277161e+00 2.003756e-04 9.856808e-05 9.210197e-05
8380 1.278687e+00 1.984402e-04 9.225687e-05 9.049981e-05
8390 1.280212e+00 1.963536e-04 8.603510e-05 9.076338e-05
8400 1.281738e+00 1.941106e-04 8.003987e-05 9.269854e-05
8410 1.283264e+00 1.917111e-04 7.442511e-05 9.599979e-05
8420 1.284790e+00 1.891593e-04 6.936027e-05 1.003125e-04
8430 1.286316e+00 1.864637e-04 6.502399e-05 1.052867e-04
8440 1.287842e+00 1.836368e-04 6.158939e-05 1.106094e-04
8450 1.289368e+00 1.806946e-04 5.919947e-05 1.160169e-04
8460 1.290894e+00 1.776562e-04 5.793663e-05 1.212950e-04
8470 1.292419e+00 1.745434e-04 5.779800e-05 1.262735e-04
8480 1.293945e+00 1.713801e-04 5.869032e-05 1.308189e-04
8490 1.295471e+00 1.681917e-04 6.044882e-05 1.348285e-04
8500 1.296997e+00 1.650047e-04 6.287033e-05 1.382245e-04
8510 1.298523e+00 1.618460e-04 6.574573e-05 1.409498e-04
8520 1.300049e+00 1.587423e-04 6.888195e-05 1.429645e-04
8530 1.301575e+00 1.557191e-04 7.211244e-05 1.442434e-04
8540 1.303101e+00 1.528007e-04 7.529946e-05 1.447742e-04
8550 1.304626e+00 1.500089e-04 7.833210e-05 1.445557e-04
8560 1.306152e+00 1.473625e-04 8.112266e-05 1.435969e-04
8570 1.307678e+00 1.448769e-04 8.360292e-05 1.419155e-04
8580 1.309204e+00 1.425635e-04 8.572081e-05 1.395379e-04
8590 1.310730e+00 1.404292e-04 8.743769e-05 1.364980e-04
8600 1.312256e+00 1.384764e-04 8.872621e-05 1.328370e-04
8610 1.313782e+00 1.367028e-04 8.956862e-05 1.286031e-04
8620 1.315308e+00 1.351014e-04 8.995547e-05 1.238515e-04
8630 1.316833e+00 1.336611e-04 8.988460e-05 1.186442e-04
8640 1.318359e+00 1.323668e-04 8.936030e-05 1.130503e-04
8650 1.319885e+00 1.312005e-04 8.839269e-05 1.071469e-04
8660 1.321411e+00 1.301413e-04 8.699719e-05 1.010196e-04
8670 1.322937e+00 1.291669e-04 8.519412e-05 9.476390e-05
8680 1.324463e+00 1.282538e-04 8.300838e-05 8.848738e-05
8690 1.325989e+00 1.273783e-04 8.046925e-05 8.231148e-05
8700 1.327515e+00 1.265174e-04 7.761027e-05 7.637406e-05
8710 1.329041e+00 1.256490e-04 7.446919e-05 7.083086e-05
8720 1.330566e+00 1.247527e-04 7.108814e-05 6.585460e-05
8730 1.332092e+00 1.238104e-04 6.751390e-05 6.162829e-05
8740 1.333618e+00 1.228064e-04 6.379835e-05 5.832922e-05
8750 1.335144e+00 1.217278e-04 5.999921e-05 5.610173e-05
8760 1.336670e+00 1.205644e-04 5.618098e-05 5.502386e-05
8770 1.338196e+00 1.193094e-04 5.241607e-05 5.508162e-05
8780 1.339722e+00 1.179588e-04 4.878597e-05 5.616649e-05
8790 1.341248e+00 1.165117e-04 4.538199e-05 5.809920e-05
8800 1.342773e+00 1.149700e-04 4.230457e-05 6.066682e-05
8810 1.344299e+00 1.133385e-04 3.965975e-05 6.365625e-05
8820 1.345825e+00 1.116246e-04 3.755079e-05 6.687513e-05
8830 1.347351e+00 1.098378e-04 3.606408e-05 7.016040e-05
8840 1.348877e+00 1.079900e-04 3.525130e-05 7.337902e-05
8850 1.350403e+00 1.060945e-04 3.511450e-05 7.642488e-05
8860 1.351929e+00 1.041664e-04 3.560208e-05 7.921469e-05
8870 1.353455e+00 1.022217e-04 3.661887e-05 8.168403e-05
8880 1.354980e+00 1.002769e-04 3.804521e-05 8.378394e-05
8890 1.356506e+00 9.834919e-05 3.975626e-05 8.547828e-05
8900 1.358032e+00 9.645519e-05 4.163566e-05 8.674166e-05
8910 1.359558e+00 9.461106e-05 4.358224e-05 8.755782e-05
8920 1.361084e+00 9.283186e-05 4.551183e-05 8.791843e-05
8930 1.362610e+00 9.113113e-05 4.735626e-05 8.782214e-05
8940 1.364136e+00 8.952047e-05 4.906133e-05 8.727380e-05
8950 1.365662e+00 8.800921e-05 5.058460e-05 8.628388e-05
8960 1.367188e+00 8.660409e-05 5.189341e-05 8.486804e-05
8970 1.368713e+00 8.530906e-05 5.296324e-05 8.304669e-05
8980 1.370239e+00 8.412515e-05 5.377645e-05 8.084476e-05
8990 1.371765e+00 8.305052e-05 5.432123e-05 7.829149e-05
9000 1.373291e+00 8.208054e-05 5.459086e-05 7.542035e-05
9010 1.374817e+00 8.120802e-05 5.458305e-05 7.226899e-05
9020 1.376343e+00 8.042352e-05 5.429952e-05 6.887948e-05
9030 1.377869e+00 7.971577e-05 5.374555e-05 6.529856e-05
9040 1.379395e+00 7.907210e-05 5.292976e-05 6.157817e-05
9050 1.380920e+00 7.847889e-05 5.186380e-05 5.777629e-05
9060 1.382446e+00 7.792203e-05 5.056222e-05 5.395794e-05
9070 1.383972e+00 7.738742e-05 4.904230e-05 5.019657e-05
9080 1.385498e+00 7.686130e-05 4.732402e-05 4.657543e-05
9090 1.387024e+00 7.633066e-05 4.543000e-05 4.318856e-05
9100 1.388550e+00 7.578354e-05 4.338564e-05 4.014032e-05
9110 1.390076e+00 7.520924e-05 4.121920e-05 3.754163e-05
9120 1.391602e+00 7.459854e-05 3.896216e-05 3.550060e-05
9130 1.393127e+00 7.394382e-05 3.664956e-05 3.410636e-05
9140 1.394653e+00 7.323916e-05 3.432063e-05 3.340889e-05
9150 1.396179e+00 7.248038e-05 3.201947e-05 3.340286e-05
9160 1.397705e+00 7.166504e-05 2.979573e-05 3.402527e-05
9170 1.399231e+00 7.079243e-05 2.770513e-05 3.516907e-05
9180 1.400757e+00 6.986350e-05 2.580916e-05 3.670557e-05
9190 1.402283e+00 6.888080e-05 2.417300e-05 3.850509e-05
9200 1.403809e+00 6.784840e-05 2.286065e-05 4.045006e-05
9210 1.405334e+00 6.677172e-05 2.192638e-05 4.244063e-05
9220 1.406860e+00 6.565743e-05 2.140372e-05 4.439521e-05
9230 1.408386e+00 6.451329e-05 2.129594e-05 4.624871e-05
9240 1.409912e+00 6.334797e-05 2.157303e-05 4.795002e-05
9250 1.411438e+00 6.217082e-05 2.217753e-05 4.945958e-05
9260 1.412964e+00 6.099171e-05 2.303624e-05 5.074733e-05
9270 1.414490e+00 5.982075e-05 2.407232e-05 5.179100e-05
9280 1.416016e+00 5.866806e-05 2.521394e-05 5.257492e-05
9290 1.417542e+00 5.754349e-05 2.639865e-05 5.308894e-05
9300 1.419067e+00 5.645634e-05 2.757450e-05 5.332776e-05
9310 1.420593e+00 5.541513e-05 2.869952e-05 5.329027e-05
9320 1.422119e+00 5.442726e-05 2.974040e-05 5.297916e-05
9330 1.423645e+00 5.349886e-05 3.067114e-05 5.240048e-05
9340 1.425171e+00 5.263448e-05 3.147178e-05 5.156343e-05
9350 1.426697e+00 5.183702e-05 3.212742e-05 5.048007e-05
9360 1.428223e+00 5.110758e-05 3.262736e-05 4.916522e-05
9370 1.429749e+00 5.044546e-05 3.296448e-05 4.763625e-05
9380 1.431274e+00 4.984820e-05 3.313476e-05 4.591311e-05
9390 1.432800e+00 4.931166e-05 3.313690e-05 4.401830e-05
9400 1.434326e+00 4.883028e-05 3.297199e-05 4.197691e-05
9410 1.435852e+00 4.839722e-05 3.264329e-05 3.981691e-05
9420 1.437378e+00 4.800474e-05 3.215602e-05 3.756936e-05
9430 1.438904e+00 4.764442e-05 3.151727e-05 3.526894e-05
9440 1.440430e+00 4.730747e-05 3.073579e-05 3.295456e-05
9450 1.441956e+00 4.698507e-05 2.982199e-05 3.067017e-05
9460 1.443481e+00 4.666859e-05 2.878787e-05 2.846560e-05
9470 1.445007e+00 4.634985e-05 2.764699e-05 2.639725e-05
9480 1.446533e+00 4.602133e-05 2.641454e-05 2.452786e-05
9490 1.448059e+00 4.567631e-05 2.510744e-05 2.292453e-05
9500 1.449585e+00 4.530901e-05 2.374446e-05 2.165337e-05
9510 1.451111e+00 4.491467e-05 2.234654e-05 2.077012e-05
9520 1.452637e+00 4.448962e-05 2.093706e-05 2.030789e-05
9530 1.454163e+00 4.403128e-05 1.954229e-05 2.026694e-05
9540 1.455688e+00 4.353818e-05 1.819186e-05 2.061221e-05
9550 1.457214e+00 4.300994e-05 1.691902e-05 2.128081e-05
9560 1.458740e+00 4.244721e-05 1.576053e-05 2.219532e-05
9570 1.460266e+00 4.185164e-05 1.475560e-05 2.327670e-05
9580 1.461792e+00 4.122577e-05 1.394304e-05 2.445268e-05
9590 1.463318e+00 4.057300e-05 1.335641e-05 2.566152e-05
9600 1.464844e+00 3.989746e-05 1.301737e-05 2.685263e-05
9610 1.466370e+00 3.920390e-05 1.292981e-05 2.798554e-05
9620 1.467896e+00 3.849761e-05 1.307751e-05 2.902843e-05
9630 1.469421e+00 3.778428e-05 1.342719e-05 2.995662e-05
9640 1.470947e+00 3.706986e-05 1.393529e-05 3.075129e-05
9650 1.472473e+00 3.636042e-05 1.455537e-05 3.139850e-05
9660 1.473999e+00 3.566202e-05 1.524359e-05 3.188834e-05
9670 1.475525e+00 3.498053e-05 1.596152e-05 3.221435e-05
9680 1.477051e+00 3.432150e-05 1.667708e-05 3.237304e-05
9690 1.478577e+00 3.368996e-05 1.736422e-05 3.236356e-05
9700 1.480103e+00 3.309032e-05 1.800220e-05 3.218734e-05
9710 1.481628e+00 3.252622e-05 1.857479e-05 3.184793e-05
9720 1.483154e+00 3.200037e-05 1.906946e-05 3.135080e-05
9730 1.484680e+00 3.151453e-05 1.947682e-05 3.070320e-05
9740 1.486206e+00 3.106938e-05 1.979004e-05 2.991404e-05
9750 1.487732e+00 3.066459e-05 2.000457e-05 2.899382e-05
9760 1.489258e+00 3.029876e-05 2.011771e-05 2.795461e-05
9770 1.490784e+00 2.996951e-05 2.012847e-05 2.681000e-05
9780 1.492310e+00 2.967364e-05 2.003736e-05 2.557522e-05
9790 1.493835e+00 2.940715e-05 1.984620e-05 2.426715e-05
9800 1.495361e+00 2.916552e-05 1.955806e-05 2.290460e-05
9810 1.496887e+00 2.894377e-05 1.917714e-05 2.150851e-05
9820 1.498413e+00 2.873671e-05 1.870871e-05 2.010236e-05
9830 1.499939e+00 2.853907e-05 1.815902e-05 1.871264e-05
9840 1.501465e+00 2.834569e-05 1.753533e-05 1.736937e-05
9850 1.502991e+00 2.815161e-05 1.684586e-05 1.610651e-05
9860 1.504517e+00 2.795226e-05 1.609982e-05 1.496191e-05
9870 1.506042e+00 2.774352e-05 1.530748e-05 1.397613e-05
9880 1.507568e+00 2.752179e-05 1.448023e-05 1.318946e-05
9890 1.509094e+00 2.728409e-05 1.363076e-05 1.263629e-05
9900 1.510620e+00 2.702808e-05 1.277326e-05 1.233781e-05
9910 1.512146e+00 2.675206e-05 1.192363e-05 1.229557e-05
9920 1.513672e+00 2.645502e-05 1.109980e-05 1.248964e-05
9930 1.515198e+00 2.613659e-05 1.032189e-05 1.288277e-05
9940 1.516724e+00 2.579705e-05 9.612160e-06 1.342835e-05
9950 1.518250e+00 2.543730e-05 8.994416e-06 1.407833e-05
9960 1.519775e+00 2.505880e-05 8.492350e-06 1.478853e-05
9970 1.521301e+00 2.466355e-05 8.126635e-06 1.552108e-05
9980 1.522827e+00 2.425402e-05 7.910964e-06 1.624487e-05
9990 1.524353e+00 2.383308e-05 7.848358e-06 1.693499e-05
10000 1.525879e+00 2.340394e-05 7.929612e-06 1.757185e-05
10010 1.527405e+00 2.297009e-05 8.134953e-06 1.814021e-05
10020 1.528931e+00 2.253519e-05 8.438112e-06 1.862846e-05
10030 1.530457e+00 2.210298e-05 8.810854e-06 1.902796e-05
10040 1.531982e+00 2.167722e-05 9.226382e-06 1.933254e-05
10050 1.533508e+00 2.126156e-05 9.661164e-06 1.953815e-05
10060 1.535034e+00 2.085944e-05 1.009551e-05 1.964255e-05
10070 1.536560e+00 2.047399e-05 1.051342e-05 1.964506e-05
10080 1.538086e+00 2.010798e-05 1.090218e-05 1.954647e-05
10090 1.539612e+00 1.976365e-05 1.125181e-05 1.934879e-05
10100 1.541138e+00 1.944271e-05 1.155462e-05 1.905522e-05
10110 1.542664e+00 1.914626e-05 1.180484e-05 1.867006e-05
10120 1.544189e+00 1.887473e-05 1.199827e-05 1.819858e-05
10130 1.545715e+00 1.862792e-05 1.213209e-05 1.764706e-05
10140 1.547241e+00 1.840496e-05 1.220462e-05 1.702268e-05
10150 1.548767e+00 1.820442e-05 1.221521e-05 1.633360e-05
10160 1.550293e+00 1.802429e-05 1.216411e-05 1.558892e-05
10170 1.551819e+00 1.786215e-05 1.205239e-05 1.479878e-05
10180 1.553345e+00 1.771521e-05 1.188185e-05 1.397445e-05
10190 1.554871e+00 1.758043e-05 1.165499e-05 1.312850e-05
10200 1.556396e+00 1.745466e-05 1.137493e-05 1.227503e-05
10210 1.557922e+00 1.733467e-05 1.104542e-05 1.142995e-05
10220 1.559448e+00 1.721733e-05 1.067078e-05 1.061127e-05
10230 1.560974e+00 1.709965e-05 1.025592e-05 9.839428e-06
10240 1.562500e+00 1.697884e-05 9.806370e-06 9.137236e-06
10250 1.564026e+00 1.685241e-05 9.328253e-06 8.529291e-06
10260 1.565552e+00 1.671820e-05 8.828402e-06 8.040237e-06
10270 1.567078e+00 1.657440e-05 8.314415e-06 7.691506e-06
10280 1.568604e+00 1.641960e-05 7.794780e-06 7.496895e-06
10290 1.570129e+00 1.625277e-05 7.279032e-06 7.458504e-06
10300 1.571655e+00 1.607329e-05 6.777906e-06 7.565293e-06
10310 1.573181e+00 1.588092e-05 6.303472e-06 7.795326e-06
10320 1.574707e+00 1.567583e-05 5.869122e-06 8.120524e-06
10330 1.576233e+00 1.545851e-05 5.489229e-06 8.511567e-06
10340 1.577759e+00 1.522984e-05 5.178230e-06 8.941289e-06
10350 1.579285e+00 1.499098e-05 4.948925e-06 9.386303e-06
10360 1.580811e+00 1.474340e-05 4.810107e-06 9.827346e-06
10370 1.582336e+00 1.448879e-05 4.764264e-06 1.024897e-05
10380 1.583862e+00 1.422906e-05 4.806477e-06 1.063901e-05
10390 1.585388e+00 1.396629e-05 4.925252e-06 1.098801e-05
10400 1.586914e+00 1.370266e-05 5.104899e-06 1.128874e-05
10410 1.588440e+00 1.344041e-05 5.328300e-06 1.153581e-05
10420 1.589966e+00 1.318182e-05 5.579059e-06 1.172537e-05
10430 1.591492e+00 1.292907e-05 5.842689e-06 1.185488e-05
10440 1.593018e+00 1.268426e-05 6.107021e-06 1.192289e-05
10450 1.594543e+00 1.244933e-05 6.362146e-06 1.192896e-05
10460 1.596069e+00 1.222595e-05 6.600162e-06 1.187349e-05
10470 1.597595e+00 1.201554e-05 6.814866e-06 1.175768e-05
10480 1.599121e+00 1.181918e-05 7.001466e-06 1.158344e-05
10490 1.600647e+00 1.163759e-05 7.156348e-06 1.135336e-05
10500 1.602173e+00 1.147109e-05 7.276883e-06 1.107060e-05
10510 1.603699e+00 1.131962e-05 7.361275e-06 1.073896e-05
10520 1.605225e+00 1.118272e-05 7.408448e-06 1.036278e-05
10530 1.606750e+00 1.105954e-05 7.417954e-06 9.946975e-06
10540 1.608276e+00 1.094893e-05 7.389902e-06 9.497054e-06
10550 1.609802e+00 1.084945e-05 7.324902e-06 9.019131e-06
10560 1.611328e+00 1.075941e-05 7.224018e-06 8.520005e-06
10570 1.612854e+00 1.067699e-05 7.088739e-06 8.007250e-06
10580 1.614380e+00 1.060026e-05 6.920943e-06 7.489347e-06
10590 1.615906e+00 1.052727e-05 6.722883e-06 6.975859e-06
10600 1.617432e+00 1.045608e-05 6.497172e-06 6.477615e-06
10610 1.618958e+00 1.038485e-05 6.246779e-06 6.006881e-06
10620 1.620483e+00 1.031187e-05 5.975035e-06 5.577374e-06
10630 1.622009e+00 1.023559e-05 5.685653e-06 5.203931e-06
10640 1.623535e+00 1.015468e-05 5.382759e-06 4.901510e-06
10650 1.625061e+00 1.006799e-05 5.070941e-06 4.683301e-06
10660 1.626587e+00 9.974652e-06 4.755323e-06 4.558077e-06
10670 1.628113e+00 9.874011e-06 4.441655e-06 4.527682e-06
10680 1.629639e+00 9.765669e-06 4.136405e-06 4.586008e-06
10690 1.631165e+00 9.649470e-06 3.846847e-06 4.720188e-06
10700 1.632690e+00 9.525492e-06 3.581060e-06 4.913406e-06
10710 1.634216e+00 9.394039e-06 3.347734e-06 5.147888e-06
10720 1.635742e+00 9.255627e-06 3.155654e-06 5.407043e-06
10730 1.637268e+00 9.110964e-06 3.012687e-06 5.676517e-06
10740 1.638794e+00 8.960930e-06 2.924380e-06 5.944454e-06
10750 1.640320e+00 8.806559e-06 2.892531e-06 6.201326e-06
10760 1.641846e+00 8.649011e-06 2.914460e-06 6.439613e-06
10770 1.643372e+00 8.489544e-06 2.983428e-06 6.653460e-06
10780 1.644897e+00 8.329487e-06 3.090037e-06 6.838386e-06
10790 1.646423e+00 8.170204e-06 3.223915e-06 6.991037e-06
10800 1.647949e+00 8.013068e-06 3.375060e-06 7.109002e-06
10810 1.649475e+00 7.859416e-06 3.534592e-06 7.190665e-06
10820 1.651001e+00 7.710523e-06 3.695033e-06 7.235095e-06
10830 1.652527e+00 7.567557e-06 3.850287e-06 7.241961e-06
10840 1.654053e+00 7.431549e-06 3.995483e-06 7.211461e-06
10850 1.655579e+00 7.303360e-06 4.126796e-06 7.144274e-06
10860 1.657104e+00 7.183655e-06 4.241269e-06 7.041513e-06
10870 1.658630e+00 7.072877e-06 4.336664e-06 6.904699e-06
10880 1.660156e+00 6.971234e-06 4.411349e-06 6.735725e-06
10890 1.661682e+00 6.878697e-06 4.464203e-06 6.536848e-06
10900 1.663208e+00 6.795000e-06 4.494544e-06 6.310673e-06
10910 1.664734e+00 6.719653e-06 4.502071e-06 6.060150e-06
10920 1.666260e+00 6.651965e-06 4.486825e-06 5.788584e-06
10930 1.667786e+00 6.591074e-06 4.449153e-06 5.499655e-06
10940 1.669312e+00 6.535978e-06 4.389676e-06 5.197455e-06
10950 1.670837e+00 6.485578e-06 4.309273e-06 4.886542e-06
10960 1.672363e+00 6.438714e-06 4.209061e-06 4.572023e-06
10970 1.673889e+00 6.394204e-06 4.090383e-06 4.259652e-06
10980 1.675415e+00 6.350882e-06 3.954802e-06 3.955948e-06
10990 1.676941e+00 6.307628e-06 3.804096e-06 3.668300e-06
11000 1.678467e+00 6.263400e-06 3.640263e-06 3.404986e-06
11010 1.679993e+00 6.217254e-06 3.465529e-06 3.175000e-06
11020 1.681519e+00 6.168365e-06 3.282371e-06 2.987478e-06
11030 1.683044e+00 6.116038e-06 3.093545e-06 2.850595e-06
11040 1.684570e+00 6.059722e-06 2.902128e-06 2.769971e-06
11050 1.686096e+00 5.999010e-06 2.711571e-06 2.747104e-06
11060 1.687622e+00 5.933645e-06 2.525762e-06 2.778644e-06
11070 1.689148e+00 5.863516e-06 2.349073e-06 2.857026e-06
11080 1.690674e+00 5.788656e-06 2.186371e-06 2.972125e-06
11090 1.692200e+00 5.709236e-06 2.042914e-06 3.113113e-06
11100 1.693726e+00 5.625555e-06 1.924053e-06 3.269809e-06
11110 1.695251e+00 5.538031e-06 1.834651e-06 3.433367e-06
11120 1.696777e+00 5.447190e-06 1.778234e-06 3.596463e-06
11130 1.698303e+00 5.353650e-06 1.756117e-06 3.753205e-06
11140 1.699829e+00 5.258109e-06 1.766902e-06 3.898939e-06
11150 1.701355e+00 5.161329e-06 1.806676e-06 4.030041e-06
11160 1.702881e+00 5.064115e-06 1.869825e-06 4.143734e-06
11170 1.704407e+00 4.967297e-06 1.950060e-06 4.237939e-06
11180 1.705933e+00 4.871711e-06 2.041261e-06 4.311156e-06
11190 1.707458e+00 4.778176e-06 2.137965e-06 4.362375e-06
11200 1.708984e+00 4.687473e-06 2.235557e-06 4.391007e-06
11210 1.710510e+00 4.600319e-06 2.330263e-06 4.396830e-06
11220 1.712036e+00 4.517353e-06 2.419066e-06 4.379948e-06
11230 1.713562e+00 4.439108e-06 2.499592e-06 4.340755e-06
11240 1.715088e+00 4.365998e-06 2.570004e-06 4.279915e-06
11250 1.716614e+00 4.298305e-06 2.628910e-06 4.198335e-06
11260 1.718140e+00 4.236167e-06 2.675289e-06 4.097153e-06
11270 1.719666e+00 4.179576e-06 2.708439e-06 3.977725e-06
11280 1.721191e+00 4.128381e-06 2.727925e-06 3.841617e-06
11290 1.722717e+00 4.082291e-06 2.733548e-06 3.690605e-06
11300 1.724243e+00 4.040893e-06 2.725321e-06 3.526680e-06
11310 1.725769e+00 4.003669e-06 2.703441e-06 3.352056e-06
11320 1.727295e+00 3.970013e-06 2.668275e-06 3.169195e-06
11330 1.728821e+00 3.939259e-06 2.620349e-06 2.980839e-06
11340 1.730347e+00 3.910703e-06 2.560334e-06 2.790055e-06
11350 1.731873e+00 3.883626e-06 2.489038e-06 2.600298e-06
11360 1.733398e+00 3.857317e-06 2.407402e-06 2.415484e-06
11370 1.734924e+00 3.831094e-06 2.316500e-06 2.240047e-06
11380 1.736450e+00 3.804320e-06 2.217537e-06 2.078965e-06
11390 1.737976e+00 3.776418e-06 2.111857e-06 1.937662e-06
11400 1.739502e+00 3.746882e-06 2.000955e-06 1.821688e-06
11410 1.741028e+00 3.715285e-06 1.886492e-06 1.736076e-06
11420 1.742554e+00 3.681286e-06 1.770321e-06 1.684391e-06
11430 1.744080e+00 3.644635e-06 1.654520e-06 1.667765e-06
11440 1.745605e+00 3.605169e-06 1.541428e-06 1.684401e-06
11450 1.747131e+00 3.562815e-06 1.433676e-06 1.729887e-06
11460 1.748657e+00 3.517587e-06 1.334193e-06 1.798171e-06
11470 1.750183e+00 3.469585e-06 1.246155e-06 1.882686e-06
11480 1.751709e+00 3.418982e-06 1.172809e-06 1.977208e-06
11490 1.753235e+00 3.366029e-06 1.117140e-06 2.076301e-06
11500 1.754761e+00 3.311038e-06 1.081361e-06 2.175448e-06
11510 1.756287e+00 3.254381e-06 1.066381e-06 2.271007e-06
11520 1.757813e+00 3.196478e-06 1.071474e-06 2.360096e-06
11530 1.759338e+00 3.137786e-06 1.094369e-06 2.440469e-06
11540 1.760864e+00 3.078791e-06 1.131716e-06 2.510401e-06
11550 1.762390e+00 3.019997e-06 1.179715e-06 2.568595e-06
11560 1.763916e+00 2.961909e-06 1.234635e-06 2.614113e-06
11570 1.765442e+00 2.905026e-06 1.293131e-06 2.646317e-06
11580 1.766968e+00 2.849821e-06 1.352363e-06 2.664828e-06
11590 1.768494e+00 2.796737e-06 1.410009e-06 2.669492e-06
11600 1.770020e+00 2.746161e-06 1.464206e-06 2.660355e-06
11610 1.771545e+00 2.698425e-06 1.513487e-06 2.637642e-06
11620 1.773071e+00 2.653786e-06 1.556716e-06 2.601742e-06
11630 1.774597e+00 2.612424e-06 1.593028e-06 2.553193e-06
11640 1.776123e+00 2.574428e-06 1.621790e-06 2.492674e-06
11650 1.777649e+00 2.539803e-06 1.642559e-06 2.420998e-06
11660 1.779175e+00 2.508463e-06 1.655059e-06 2.339106e-06
11670 1.780701e+00 2.480239e-06 1.659158e-06 2.248069e-06
11680 1.782227e+00 2.454888e-06 1.654853e-06 2.149083e-06
11690 1.783752e+00 2.432099e-06 1.642253e-06 2.043485e-06
11700 1.785278e+00 2.411509e-06 1.621572e-06 1.932757e-06
11710 1.786804e+00 2.392715e-06 1.593120e-06 1.818553e-06
11720 1.788330e+00 2.375291e-06 1.557295e-06 1.702720e-06
11730 1.789856e+00 2.358800e-06 1.514580e-06 1.587340e-06
11740 1.791382e+00 2.342811e-06 1.465538e-06 1.474768e-06
11750 1.792908e+00 2.326905e-06 1.410812e-06 1.367674e-06
11760 1.794434e+00 2.310695e-06 1.351127e-06 1.269059e-06
11770 1.795959e+00 2.293825e-06 1.287290e-06 1.182204e-06
11780 1.797485e+00 2.275984e-06 1.220201e-06 1.110486e-06
11790 1.799011e+00 2.256909e-06 1.150857e-06 1.057006e-06
11800 1.800537e+00 2.236390e-06 1.080374e-06 1.024018e-06
11810 1.802063e+00 2.214268e-06 1.010003e-06 1.012336e-06
11820 1.803589e+00 2.190443e-06 9.411498e-07 1.021001e-06
11830 1.805115e+00 2.164864e-06 8.753979e-07 1.047432e-06
11840 1.806641e+00 2.137538e-06 8.145141e-07 1.087999e-06
11850 1.808167e+00 2.108520e-06 7.604189e-07 1.138717e-06
11860 1.809692e+00 2.077915e-06 7.150903e-07 1.195776e-06
11870 1.811218e+00 2.045869e-06 6.803659e-07 1.255834e-06
11880 1.812744e+00 2.012570e-06 6.576431e-07 1.316106e-06
11890 1.814270e+00 1.978243e-06 6.475487e-07 1.374344e-06
11900 1.815796e+00 1.943140e-06 6.497233e-07 1.428769e-06
11910 1.817322e+00 1.907537e-06 6.628520e-07 1.477991e-06
11920 1.818848e+00 1.871729e-06 6.849374e-07 1.520942e-06
11930 1.820374e+00 1.836020e-06 7.136775e-07 1.556818e-06
11940 1.821899e+00 1.800718e-06 7.467922e-07 1.585035e-06
11950 1.823425e+00 1.766125e-06 7.822251e-07 1.605196e-06
11960 1.824951e+00 1.732530e-06 8.182260e-07 1.617058e-06
11970 1.826477e+00 1.700202e-06 8.533591e-07 1.620521e-06
11980 1.828003e+00 1.669380e-06 8.864726e-07 1.615604e-06
11990 1.829529e+00 1.640268e-06 9.166584e-07 1.602436e-06
12000 1.831055e+00 1.613024e-06 9.432118e-07 1.581245e-06
12010 1.832581e+00 1.587761e-06 9.655967e-07 1.552352e-06
12020 1.834106e+00 1.564539e-06 9.834181e-07 1.516163e-06
12030 1.835632e+00 1.543363e-06 9.963998e-07 1.473166e-06
12040 1.837158e+00 1.524186e-06 1.004368e-06 1.423924e-06
12050 1.838684e+00 1.506909e-06 1.007236e-06 1.369080e-06
12060 1.840210e+00 1.491388e-06 1.004998e-06 1.309356e-06
12070 1.841736e+00 1.477436e-06 9.977153e-07 1.245553e-06
12080 1.843262e+00 1.464838e-06 9.855147e-07 1.178565e-06
12090 1.844788e+00 1.453349e-06 9.685803e-07 1.109386e-06
12100 1.846313e+00 1.442713e-06 9.471507e-07 1.039125e-06
12110 1.847839e+00 1.432664e-06 9.215159e-07 9.690339e-07
12120 1.849365e+00 1.422941e-06 8.920149e-07 9.005270e-07
12130 1.850891e+00 1.413289e-06 8.590350e-07 8.352089e-07
12140 1.852417e+00 1.403470e-06 8.230122e-07 7.748849e-07
12150 1.853943e+00 1.393267e-06 7.844332e-07 7.215348e-07
12160 1.855469e+00 1.382490e-06 7.438391e-07 6.772105e-07
12170 1.856995e+00 1.370976e-06 7.018313e-07 6.438178e-07
12180 1.858521e+00 1.358594e-06 6.590808e-07 6.227804e-07
12190 1.860046e+00 1.345246e-06 6.163391e-07 6.146729e-07
12200 1.861572e+00 1.330867e-06 5.744518e-07 6.189998e-07
12210 1.863098e+00 1.315425e-06 5.343705e-07 6.342632e-07
12220 1.864624e+00 1.298919e-06 4.971583e-07 6.582964e-07
12230 1.866150e+00 1.281383e-06 4.639738e-07 6.886834e-07
12240 1.867676e+00 1.262876e-06 4.360168e-07 7.230953e-07
12250 1.869202e+00 1.243485e-06 4.144136e-07 7.594776e-07
12260 1.870728e+00 1.223324e-06 4.000392e-07 7.961128e-07
12270 1.872253e+00 1.202527e-06 3.933159e-07 8.316114e-07
12280 1.873779e+00 1.181245e-06 3.940739e-07 8.648716e-07
12290 1.875305e+00 1.159646e-06 4.015568e-07 8.950322e-07
12300 1.876831e+00 1.137907e-06 4.145780e-07 9.214303e-07
12310 1.878357e+00 1.116215e-06 4.317485e-07 9.435663e-07
12320 1.879883e+00 1.094755e-06 4.516791e-07 9.610756e-07
12330 1.881409e+00 1.073712e-06 4.731094e-07 9.737076e-07
12340 1.882935e+00 1.053263e-06 4.949627e-07 9.813090e-07
12350 1.884460e+00 1.033572e-06 5.163533e-07 9.838113e-07
12360 1.885986e+00 1.014785e-06 5.365698e-07 9.812209e-07
12370 1.887512e+00 9.970288e-07 5.550500e-07 9.736112e-07
12380 1.889038e+00 9.804014e-07 5.713571e-07 9.611167e-07
12390 1.890564e+00 9.649736e-07 5.851582e-07 9.439276e-07
12400 1.892090e+00 9.507829e-07 5.962069e-07 9.222866e-07
12410 1.893616e+00 9.378360e-07 6.043298e-07 8.964859e-07
12420 1.895142e+00 9.261067e-07 6.094164e-07 8.668651e-07
12430 1.896667e+00 9.155361e-07 6.114101e-07 8.338110e-07
12440 1.898193e+00 9.060390e-07 6.103026e-07 7.977575e-07
12450 1.899719e+00 8.975040e-07 6.061282e-07 7.591887e-07
12460 1.901245e+00 8.898004e-07 5.989602e-07 7.186422e-07
12470 1.902771e+00 8.827818e-07 5.889076e-07 6.767165e-07
12480 1.904297e+00 8.762920e-07 5.761122e-07 6.340807e-07
12490 1.905823e+00 8.701709e-07 5.607476e-07 5.914868e-07
12500 1.907349e+00 8.642586e-07 5.430169e-07 5.497861e-07
12510 1.908875e+00 8.584005e-07 5.231531e-07 5.099437e-07
12520 1.910400e+00 8.524513e-07 5.014184e-07 4.730464e-07
12530 1.911926e+00 8.462787e-07 4.781057e-07 4.402896e-07
12540 1.913452e+00 8.397656e-07 4.535411e-07 4.129194e-07
12550 1.914978e+00 8.328120e-07 4.280869e-07 3.921057e-07
12560 1.916504e+00 8.253373e-07 4.021470e-07 3.787431e-07
12570 1.918030e+00 8.172804e-07 3.761739e-07 3.732259e-07
12580 1.919556e+00 8.086002e-07 3.506767e-07 3.753031e-07
12590 1.921082e+00 7.992760e-07 3.262285e-07 3.841059e-07
12600 1.922607e+00 7.893064e-07 3.034700e-07 3.983405e-07
12610 1.924133e+00 7.787091e-07 2.831016e-07 4.165434e-07
12620 1.925659e+00 7.675193e-07 2.658524e-07 4.372918e-07
12630 1.927185e+00 7.557893e-07 2.524137e-07 4.593237e-07
12640 1.928711e+00 7.435856e-07 2.433335e-07 4.815812e-07
12650 1.930237e+00 7.309890e-07 2.388933e-07 5.032064e-07
12660 1.931763e+00 7.180908e-07 2.390186e-07 5.235183e-07
12670 1.933289e+00 7.049915e-07 2.432746e-07 5.419844e-07
12680 1.934814e+00 6.917991e-07 2.509552e-07 5.581939e-07
12690 1.936340e+00 6.786253e-07 2.612209e-07 5.718368e-07
12700 1.937866e+00 6.655831e-07 2.732244e-07 5.826862e-07
12710 1.939392e+00 6.527852e-07 2.861925e-07 5.905850e-07
12720 1.940918e+00 6.403391e-07 2.994622e-07 5.954361e-07
12730 1.942444e+00 6.283450e-07 3.124871e-07 5.971942e-07
12740 1.943970e+00 6.168931e-07 3.248277e-07 5.958599e-07
12750 1.945496e+00 6.060609e-07 3.361366e-07 5.914747e-07
12760 1.947021e+00 5.959103e-07 3.461434e-07 5.841174e-07
12770 1.948547e+00 5.864846e-07 3.546416e-07 5.739008e-07
12780 1.950073e+00 5.778089e-07 3.614783e-07 5.609700e-07
12790 1.951599e+00 5.698892e-07 3.665452e-07 5.454996e-07
12800 1.953125e+00 5.627109e-07 3.697727e-07 5.276937e-07
12810 1.954651e+00 5.562398e-07 3.711244e-07 5.077846e-07
12820 1.956177e+00 5.504251e-07 3.705931e-07 4.860334e-07
12830 1.957703e+00 5.452012e-07 3.681981e-07 4.627312e-07
12840 1.959229e+00 5.404890e-07 3.639822e-07 4.382017e-07
12850 1.960754e+00 5.361996e-07 3.580101e-07 4.128050e-07
12860 1.962280e+00 5.322396e-07 3.503664e-07 3.869434e-07
12870 1.963806e+00 5.285111e-07 3.411551e-07 3.610693e-07
12880 1.965332e+00 5.249167e-07 3.304982e-07 3.356941e-07
12890 1.966858e+00 5.213626e-07 3.185356e-07 3.113980e-07
12900 1.968384e+00 5.177597e-07 3.054250e-07 2.888351e-07
12910 1.969910e+00 5.140269e-07 2.913429e-07 2.687267e-07
12920 1.971436e+00 5.100922e-07 2.764853e-07 2.518290e-07
12930 1.972961e+00 5.058942e-07 2.610702e-07 2.388599e-07
12940 1.974487e+00 5.013829e-07 2.453405e-07 2.303808e-07
12950 1.976013e+00 4.965203e-07 2.295684e-07 2.266591e-07
12960 1.977539e+00 4.912805e-07 2.140598e-07 2.275743e-07
12970 1.979065e+00 4.856501e-07 1.991592e-07 2.326253e-07
12980 1.980591e+00 4.796274e-07 1.852522e-07 2.410410e-07
12990 1.982117e+00 4.732222e-07 1.727612e-07 2.519360e-07
13000 1.983643e+00 4.664554e-07 1.621286e-07 2.644410e-07
13010 1.985168e+00 4.593579e-07 1.537775e-07 2.777809e-07
13020 1.986694e+00 4.519696e-07 1.480500e-07 2.913033e-07
13030 1.988220e+00 4.443390e-07 1.451323e-07 3.044783e-07
13040 1.989746e+00 4.365208e-07 1.449972e-07 3.168848e-07
13050 1.991272e+00 4.285764e-07 1.473967e-07 3.281928e-07
13060 1.992798e+00 4.205701e-07 1.519127e-07 3.381478e-07
13070 1.994324e+00 4.125705e-07 1.580391e-07 3.465571e-07
13080 1.995850e+00 4.046457e-07 1.652600e-07 3.532793e-07
13090 1.997375e+00 3.968641e-07 1.731013e-07 3.582159e-07
13100 1.998901e+00 3.892913e-07 1.811552e-07 3.613055e-07
13110 2.000427e+00 3.819887e-07 1.890846e-07 3.625181e-07
13120 2.001953e+00 3.750110e-07 1.966176e-07 3.618522e-07
13130 2.003479e+00 3.684061e-07 2.035394e-07 3.593311e-07
13140 2.005005e+00 3.622124e-07 2.096822e-07 3.550010e-07
13150 2.006531e+00 3.564567e-07 2.149180e-07 3.489289e-07
13160 2.008057e+00 3.511558e-07 2.191514e-07 3.412015e-07
13170 2.009583e+00 3.463136e-07 2.223146e-07 3.319236e-07
13180 2.011108e+00 3.419215e-07 2.243636e-07 3.212176e-07
13190 2.012634e+00 3.379606e-07 2.252747e-07 3.092233e-07
13200 2.014160e+00 3.344011e-07 2.250422e-07 2.960980e-07
13210 2.015686e+00 3.312029e-07 2.236766e-07 2.820170e-07
13220 2.017212e+00 3.283196e-07 2.212027e-07 2.671752e-07
13230 2.018738e+00 3.256970e-07 2.176587e-07 2.517896e-07
13240 2.020264e+00 3.232787e-07 2.130952e-07 2.361021e-07
13250 2.021790e+00 3.210053e-07 2.075744e-07 2.203850e-07
13260 2.023315e+00 3.188184e-07 2.011696e-07 2.049458e-07
13270 2.024841e+00 3.166600e-07 1.939648e-07 1.901332e-07
13280 2.026367e+00 3.144766e-07 1.860551e-07 1.763409e-07
13290 2.027893e+00 3.122179e-07 1.775466e-07 1.640041e-07
13300 2.029419e+00 3.098400e-07 1.685575e-07 1.535811e-07
13310 2.030945e+00 3.073051e-07 1.592191e-07 1.455118e-07
13320 2.032471e+00 3.045823e-07 1.496777e-07 1.401471e-07
13330 2.033997e+00 3.016478e-07 1.400972e-07 1.376655e-07
13340 2.035522e+00 2.984855e-07 1.306616e-07 1.380127e-07
13350 2.037048e+00 2.950864e-07 1.215782e-07 1.409004e-07
13360 2.038574e+00 2.914490e-07 1.130794e-07 1.458701e-07
13370 2.040100e+00 2.875788e-07 1.054201e-07 1.523863e-07
13380 2.041626e+00 2.834876e-07 9.886870e-08 1.599188e-07
13390 2.043152e+00 2.791940e-07 9.368410e-08 1.679916e-07
13400 2.044678e+00 2.747216e-07 9.007939e-08 1.762031e-07
13410 2.046204e+00 2.700996e-07 8.817626e-08 1.842261e-07
13420 2.047729e+00 2.653611e-07 8.796863e-08 1.918003e-07
13430 2.049255e+00 2.605422e-07 8.931553e-08 1.987215e-07
13440 2.050781e+00 2.556833e-07 9.196926e-08 2.048321e-07
13450 2.052307e+00 2.508243e-07 9.562478e-08 2.100124e-07
13460 2.053833e+00 2.460079e-07 9.996793e-08 2.141745e-07
13470 2.055359e+00 2.412752e-07 1.047083e-07 2.172567e-07
13480 2.056885e+00 2.366664e-07 1.095951e-07 2.192199e-07
13490 2.058411e+00 2.322190e-07 1.144203e-07 2.200448e-07
13500 2.059937e+00 2.279665e-07 1.190162e-07 2.197290e-07
13510 2.061462e+00 2.239381e-07 1.232499e-07 2.182856e-07
13520 2.062988e+00 2.201580e-07 1.270177e-07 2.157415e-07
13530 2.064514e+00 2.166427e-07 1.302401e-07 2.121366e-07
13540 2.066040e+00 2.134034e-07 1.328579e-07 2.075223e-07
13550 2.067566e+00 2.104425e-07 1.348288e-07 2.019615e-07
13560 2.069092e+00 2.077560e-07 1.361250e-07 1.955276e-07
13570 2.070618e+00 2.053325e-07 1.367312e-07 1.883047e-07
13580 2.072144e+00 2.031543e-07 1.366434e-07 1.803874e-07
13590 2.073669e+00 2.011972e-07 1.358670e-07 1.718811e-07
13600 2.075195e+00 1.994332e-07 1.344165e-07 1.629033e-07
13610 2.076721e+00 1.978311e-07 1.323145e-07 1.535844e-07
13620 2.078247e+00 1.963548e-07 1.295912e-07 1.440702e-07
13630 2.079773e+00 1.949696e-07 1.262837e-07 1.345242e-07
13640 2.081299e+00 1.936395e-07 1.224360e-07 1.251314e-07
13650 2.082825e+00 1.923294e-07 1.180986e-07 1.161014e-07
13660 2.084351e+00 1.910063e-07 1.133286e-07 1.076711e-07
13670 2.085876e+00 1.896397e-07 1.081900e-07 1.001029e-07
13680 2.087402e+00 1.882026e-07 1.027537e-07 9.367479e-08
13690 2.088928e+00 1.866718e-07 9.709894e-08 8.865607e-08
13700 2.090454e+00 1.850282e-07 9.131367e-08 8.526577e-08
13710 2.091980e+00 1.832570e-07 8.549638e-08 8.362221e-08
13720 2.093506e+00 1.813481e-07 7.975781e-08 8.370399e-08
13730 2.095032e+00 1.792959e-07 7.422264e-08 8.534618e-08
13740 2.096558e+00 1.770989e-07 6.903065e-08 8.827644e-08
13750 2.098083e+00 1.747601e-07 6.433576e-08 9.217138e-08
13760 2.099609e+00 1.722868e-07 6.030049e-08 9.670736e-08
13770 2.101135e+00 1.696894e-07 5.708327e-08 1.015923e-07
13780 2.102661e+00 1.669826e-07 5.481658e-08 1.065786e-07
13790 2.104187e+00 1.641832e-07 5.357964e-08 1.114644e-07
13800 2.105713e+00 1.613115e-07 5.337528e-08 1.160887e-07
13810 2.107239e+00 1.583898e-07 5.412399e-08 1.203250e-07
13820 2.108765e+00 1.554412e-07 5.567948e-08 1.240756e-07
13830 2.110291e+00 1.524912e-07 5.785818e-08 1.272664e-07
13840 2.111816e+00 1.495649e-07 6.046894e-08 1.298424e-07
13850 2.113342e+00 1.466870e-07 6.333387e-08 1.317652e-07
13860 2.114868e+00 1.438830e-07 6.629861e-08 1.330100e-07
13870 2.116394e+00 1.411748e-07 6.923495e-08 1.335643e-07
13880 2.117920e+00 1.385836e-07 7.203925e-08 1.334258e-07
13890 2.119446e+00 1.361270e-07 7.462926e-08 1.326018e-07
13900 2.120972e+00 1.338199e-07 7.694074e-08 1.311080e-07
13910 2.122498e+00 1.316733e-07 7.892438e-08 1.289681e-07
13920 2.124023e+00 1.296932e-07 8.054333e-08 1.262129e-07
13930 2.125549e+00 1.278827e-07 8.177117e-08 1.228799e-07
13940 2.127075e+00 1.262387e-07 8.259039e-08 1.190132e-07
13950 2.128601e+00 1.247554e-07 8.299116e-08 1.146635e-07
13960 2.130127e+00 1.234213e-07 8.297047e-08 1.098875e-07
13970 2.131653e+00 1.222234e-07 8.253125e-08 1.047490e-07
13980 2.133179e+00 1.211444e-07 8.168192e-08 9.931843e-08
13990 2.134705e+00 1.201645e-07 8.043579e-08 9.367447e-08
14000 2.136230e+00 1.192632e-07 7.881085e-08 8.790479e-08
14010 2.137756e+00 1.184189e-07 7.682934e-08 8.210782e-08
14020 2.139282e+00 1.176095e-07 7.451761e-08 7.639468e-08
14030 2.140808e+00 1.168140e-07 7.190610e-08 7.089144e-08
14040 2.142334e+00 1.160122e-07 6.902914e-08 6.574056e-08
14050 2.143860e+00 1.151853e-07 6.592523e-08 6.110024e-08
14060 2.145386e+00 1.143168e-07 6.263717e-08 5.713890e-08
14070 2.146912e+00 1.133925e-07 5.921259e-08 5.402107e-08
14080 2.148438e+00 1.124005e-07 5.570447e-08 5.188319e-08
14090 2.149963e+00 1.113316e-07 5.217210e-08 5.080277e-08
14100 2.151489e+00 1.101795e-07 4.868208e-08 5.077381e-08
14110 2.153015e+00 1.089405e-07 4.530944e-08 5.170245e-08
14120 2.154541e+00 1.076136e-07 4.213831e-08 5.342727e-08
14130 2.156067e+00 1.062005e-07 3.926153e-08 5.575318e-08
14140 2.157593e+00 1.047049e-07 3.677759e-08 5.848290e-08
14150 2.159119e+00 1.031338e-07 3.478320e-08 6.143728e-08
14160 2.160645e+00 1.014952e-07 3.336059e-08 6.446390e-08
14170 2.162170e+00 9.979984e-08 3.256088e-08 6.743808e-08
14180 2.163696e+00 9.805959e-08 3.238964e-08 7.026030e-08
14190 2.165222e+00 9.628761e-08 3.280228e-08 7.285240e-08
14200 2.166748e+00 9.449864e-08 3.371251e-08 7.515378e-08
14210 2.168274e+00 9.270699e-08 3.500999e-08 7.711838e-08
14220 2.169800e+00 9.092866e-08 3.657847e-08 7.871207e-08
14230 2.171326e+00 8.917933e-08 3.830909e-08 7.991076e-08
14240 2.172852e+00 8.747280e-08 4.010693e-08 8.069884e-08
14250 2.174377e+00 8.582385e-08 4.189300e-08 8.106809e-08
14260 2.175903e+00 8.424517e-08 4.360329e-08 8.101672e-08
14270 2.177429e+00 8.274745e-08 4.518694e-08 8.054871e-08
14280 2.178955e+00 8.133963e-08 4.660421e-08 7.967321e-08
14290 2.180481e+00 8.002872e-08 4.782452e-08 7.840420e-08
14300 2.182007e+00 7.881920e-08 4.882497e-08 7.676002e-08
14310 2.183533e+00 7.771243e-08 4.958906e-08 7.476318e-08
14320 2.185059e+00 7.670672e-08 5.010579e-08 7.244014e-08
14330 2.186584e+00 7.579872e-08 5.036886e-08 6.982130e-08
14340 2.188110e+00 7.498252e-08 5.037612e-08 6.694088e-08
14350 2.189636e+00 7.424915e-08 5.012908e-08 6.383716e-08
14360 2.191162e+00 7.358903e-08 4.963261e-08 6.055265e-08
14370 2.192688e+00 7.299006e-08 4.889459e-08 5.713466e-08
14380 2.194214e+00 7.243969e-08 4.792566e-08 5.363597e-08
14390 2.195740e+00 7.192494e-08 4.673916e-08 5.011578e-08
14400 2.197266e+00 7.143221e-08 4.535090e-08 4.664092e-08
14410 2.198792e+00 7.094914e-08 4.377914e-08 4.328717e-08
14420 2.200317e+00 7.046306e-08 4.204452e-08 4.014023e-08
14430 2.201843e+00 6.996268e-08 4.017024e-08 3.729550e-08
14440 2.203369e+00 6.943763e-08 3.818204e-08 3.485496e-08
14450 2.204895e+00 6.887944e-08 3.610859e-08 3.291915e-08
14460 2.206421e+00 6.828063e-08 3.398179e-08 3.157287e-08
14470 2.207947e+00 6.763556e-08 3.183728e-08 3.086664e-08
14480 2.209473e+00 6.694021e-08 2.971518e-08 3.080100e-08
14490 2.210999e+00 6.619223e-08 2.766055e-08 3.132287e-08
14500 2.212524e+00 6.539087e-08 2.572405e-08 3.233667e-08
14510 2.214050e+00 6.453701e-08 2.396167e-08 3.372482e-08
14520 2.215576e+00 6.363301e-08 2.243307e-08 3.536711e-08
14530 2.217102e+00 6.268267e-08 2.119727e-08 3.715364e-08
14540 2.218628e+00 6.169087e-08 2.030525e-08 3.899056e-08
14550 2.220154e+00 6.066416e-08 1.978984e-08 4.080091e-08
14560 2.221680e+00 5.960954e-08 1.965682e-08 4.252318e-08
14570 2.223206e+00 5.853524e-08 1.988138e-08 4.410899e-08
14580 2.224731e+00 5.744959e-08 2.041278e-08 4.552079e-08
14590 2.226257e+00 5.636184e-08 2.118476e-08 4.673004e-08
14600 2.227783e+00 5.528126e-08 2.212664e-08 4.771548e-08
14610 2.229309e+00 5.421780e-08 2.317183e-08 4.846205e-08
14620 2.230835e+00 5.317963e-08 2.426196e-08 4.895993e-08
14630 2.232361e+00 5.217553e-08 2.534833e-08 4.920379e-08
14640 2.233887e+00 5.121340e-08 2.639140e-08 4.919227e-08
14650 2.235413e+00 5.030008e-08 2.735972e-08 4.892752e-08
14660 2.236938e+00 4.944113e-08 2.822869e-08 4.841488e-08
14670 2.238464e+00 4.864073e-08 2.897933e-08 4.766263e-08
14680 2.239990e+00 4.790157e-08 2.959743e-08 4.668167e-08
14690 2.241516e+00 4.722494e-08 3.007268e-08 4.548550e-08
14700 2.243042e+00 4.660959e-08 3.039815e-08 4.409002e-08
14710 2.244568e+00 4.605406e-08 3.056984e-08 4.251348e-08
14720 2.246094e+00 4.555417e-08 3.058624e-08 4.077646e-08
14730 2.247620e+00 4.510543e-08 3.044811e-08 3.890201e-08
14740 2.249146e+00 4.470123e-08 3.015826e-08 3.691574e-08
14750 2.250671e+00 4.433512e-08 2.972131e-08 3.484611e-08
14760 2.252197e+00 4.399890e-08 2.914366e-08 3.272491e-08
14770 2.253723e+00 4.368509e-08 2.843324e-08 3.058772e-08
14780 2.255249e+00 4.338556e-08 2.759953e-08 2.847470e-08
14790 2.256775e+00 4.309206e-08 2.665354e-08 2.643143e-08
14800 2.258301e+00 4.279736e-08 2.560766e-08 2.450947e-08
14810 2.259827e+00 4.249453e-08 2.447585e-08 2.276625e-08
14820 2.261353e+00 4.217719e-08 2.327365e-08 2.126354e-08
14830 2.262878e+00 4.184013e-08 2.201827e-08 2.006266e-08
14840 2.264404e+00 4.147863e-08 2.072895e-08 1.921624e-08
14850 2.265930e+00 4.108929e-08 1.942714e-08 1.875692e-08
14860 2.267456e+00 4.066963e-08 1.813694e-08 1.868762e-08
14870 2.268982e+00 4.021805e-08 1.688548e-08 1.897849e-08
14880 2.270508e+00 3.973409e-08 1.570324e-08 1.957313e-08
14890 2.272034e+00 3.921815e-08 1.462399e-08 2.040074e-08
14892 2.272339e+00 3.911121e-08 1.442365e-08 2.058773e-08
