TITLE = "Cavity Iterative Residual History"
variables="Iteration""Time(s)""Res1""Res2""Res3"
1 6.103516e-05 6.950686e+00 5.069487e+02 5.301513e+02
10 6.103516e-04 1.390084e+01 1.243599e+02 1.378432e+02
20 1.220703e-03 1.622998e+01 7.433191e+01 8.616636e+01
30 1.831055e-03 1.629804e+01 5.557172e+01 6.679388e+01
40 2.441406e-03 1.590390e+01 4.553870e+01 5.635110e+01
50 3.051758e-03 1.540625e+01 3.923417e+01 4.970536e+01
60 3.662109e-03 1.488858e+01 3.488400e+01 4.504430e+01
70 4.272461e-03 1.439920e+01 3.169378e+01 4.155967e+01
80 4.882813e-03 1.393948e+01 2.925476e+01 3.883626e+01
90 5.493164e-03 1.351689e+01 2.733482e+01 3.663812e+01
100 6.103516e-03 1.313287e+01 2.579017e+01 3.481976e+01
110 6.713867e-03 1.278516e+01 2.452674e+01 3.328604e+01
120 7.324219e-03 1.247126e+01 2.347857e+01 3.197065e+01
130 7.934570e-03 1.218982e+01 2.259736e+01 3.082536e+01
140 8.544922e-03 1.193732e+01 2.184677e+01 2.981419e+01
150 9.155273e-03 1.171078e+01 2.119883e+01 2.890943e+01
160 9.765625e-03 1.150756e+01 2.063160e+01 2.808936e+01
170 1.037598e-02 1.132392e+01 2.012805e+01 2.733704e+01
180 1.098633e-02 1.115715e+01 1.967466e+01 2.663881e+01
190 1.159668e-02 1.100374e+01 1.926087e+01 2.598380e+01
200 1.220703e-02 1.086069e+01 1.887837e+01 2.536317e+01
210 1.281738e-02 1.074177e+01 1.852059e+01 2.476971e+01
220 1.342773e-02 1.074953e+01 1.818238e+01 2.419741e+01
230 1.403809e-02 1.083660e+01 1.785959e+01 2.364120e+01
240 1.464844e-02 1.102093e+01 1.754889e+01 2.309668e+01
250 1.525879e-02 1.131479e+01 1.724750e+01 2.255999e+01
260 1.586914e-02 1.171906e+01 1.695301e+01 2.202757e+01
270 1.647949e-02 1.221864e+01 1.666320e+01 2.149602e+01
280 1.708984e-02 1.278099e+01 1.637593e+01 2.096206e+01
290 1.770020e-02 1.335861e+01 1.608912e+01 2.042244e+01
300 1.831055e-02 1.389452e+01 1.580062e+01 1.987395e+01
310 1.892090e-02 1.432946e+01 1.550827e+01 1.931344e+01
320 1.953125e-02 1.460915e+01 1.520986e+01 1.873781e+01
330 2.014160e-02 1.469052e+01 1.490317e+01 1.814413e+01
340 2.075195e-02 1.454624e+01 1.458602e+01 1.752968e+01
350 2.136230e-02 1.416736e+01 1.425635e+01 1.689203e+01
360 2.197266e-02 1.356394e+01 1.391227e+01 1.622923e+01
370 2.258301e-02 1.276435e+01 1.355220e+01 1.553984e+01
380 2.319336e-02 1.181376e+01 1.317491e+01 1.482310e+01
390 2.380371e-02 1.077282e+01 1.277969e+01 1.407905e+01
400 2.441406e-02 9.717143e+00 1.236633e+01 1.330861e+01
410 2.502441e-02 8.737148e+00 1.193531e+01 1.251367e+01
420 2.563477e-02 7.935446e+00 1.148772e+01 1.169717e+01
430 2.624512e-02 7.413843e+00 1.102536e+01 1.086306e+01
440 2.685547e-02 7.243147e+00 1.055067e+01 1.001638e+01
450 2.746582e-02 7.429284e+00 1.006671e+01 9.163163e+00
460 2.807617e-02 7.910441e+00 9.577020e+00 8.310430e+00
470 2.868652e-02 8.591692e+00 9.085556e+00 7.466129e+00
480 2.929688e-02 9.381991e+00 8.596514e+00 6.639138e+00
490 2.990723e-02 1.021084e+01 8.114186e+00 5.839353e+00
500 3.051758e-02 1.102893e+01 7.642790e+00 5.077921e+00
510 3.112793e-02 1.180360e+01 7.186305e+00 4.367756e+00
520 3.173828e-02 1.251385e+01 6.748310e+00 3.724390e+00
530 3.234863e-02 1.314672e+01 6.331847e+00 3.167097e+00
540 3.295898e-02 1.369464e+01 5.939300e+00 2.719397e+00
550 3.356934e-02 1.415371e+01 5.572319e+00 2.406216e+00
560 3.417969e-02 1.452253e+01 5.231776e+00 2.243802e+00
570 3.479004e-02 1.480140e+01 4.917768e+00 2.225524e+00
580 3.540039e-02 1.499180e+01 4.629674e+00 2.319310e+00
590 3.601074e-02 1.509607e+01 4.366237e+00 2.482758e+00
600 3.662109e-02 1.511718e+01 4.125704e+00 2.679215e+00
610 3.723145e-02 1.505864e+01 3.905964e+00 2.883339e+00
620 3.784180e-02 1.492444e+01 3.704709e+00 3.079655e+00
630 3.845215e-02 1.471906e+01 3.519581e+00 3.259523e+00
640 3.906250e-02 1.444747e+01 3.348295e+00 3.418665e+00
650 3.967285e-02 1.411516e+01 3.188742e+00 3.555512e+00
660 4.028320e-02 1.372814e+01 3.039049e+00 3.670153e+00
670 4.089355e-02 1.329296e+01 2.897623e+00 3.763672e+00
680 4.150391e-02 1.281671e+01 2.763161e+00 3.837732e+00
690 4.211426e-02 1.230698e+01 2.634641e+00 3.894292e+00
700 4.272461e-02 1.177179e+01 2.511304e+00 3.935433e+00
710 4.333496e-02 1.121957e+01 2.392625e+00 3.963232e+00
720 4.394531e-02 1.065904e+01 2.278284e+00 3.979689e+00
730 4.455566e-02 1.009913e+01 2.168132e+00 3.986672e+00
740 4.516602e-02 9.548836e+00 2.062168e+00 3.985892e+00
750 4.577637e-02 9.017072e+00 1.960506e+00 3.978882e+00
760 4.638672e-02 8.512462e+00 1.863358e+00 3.966999e+00
770 4.699707e-02 8.043079e+00 1.771013e+00 3.951416e+00
780 4.760742e-02 7.616120e+00 1.683818e+00 3.933138e+00
790 4.821777e-02 7.237514e+00 1.602163e+00 3.913004e+00
800 4.882813e-02 6.911511e+00 1.526461e+00 3.891706e+00
810 4.943848e-02 6.640293e+00 1.457131e+00 3.869795e+00
820 5.004883e-02 6.423716e+00 1.394574e+00 3.847701e+00
830 5.065918e-02 6.259263e+00 1.339150e+00 3.825744e+00
840 5.126953e-02 6.142266e+00 1.291145e+00 3.804146e+00
850 5.187988e-02 6.066378e+00 1.250747e+00 3.783047e+00
860 5.249023e-02 6.024196e+00 1.218014e+00 3.762517e+00
870 5.310059e-02 6.007926e+00 1.192858e+00 3.742564e+00
880 5.371094e-02 6.009955e+00 1.175033e+00 3.723149e+00
890 5.432129e-02 6.023289e+00 1.164136e+00 3.704193e+00
900 5.493164e-02 6.041808e+00 1.159633e+00 3.685584e+00
910 5.554199e-02 6.060390e+00 1.160877e+00 3.667190e+00
920 5.615234e-02 6.074916e+00 1.167155e+00 3.648860e+00
930 5.676270e-02 6.082211e+00 1.177715e+00 3.630433e+00
940 5.737305e-02 6.079945e+00 1.191804e+00 3.611743e+00
950 5.798340e-02 6.066519e+00 1.208697e+00 3.592621e+00
960 5.859375e-02 6.040945e+00 1.227713e+00 3.572903e+00
970 5.920410e-02 6.002743e+00 1.248229e+00 3.552428e+00
980 5.981445e-02 5.951839e+00 1.269690e+00 3.531043e+00
990 6.042480e-02 5.888480e+00 1.291603e+00 3.508607e+00
1000 6.103516e-02 5.813163e+00 1.313541e+00 3.484988e+00
1010 6.164551e-02 5.726571e+00 1.335138e+00 3.460069e+00
1020 6.225586e-02 5.629526e+00 1.356083e+00 3.433745e+00
1030 6.286621e-02 5.522942e+00 1.376115e+00 3.405924e+00
1040 6.347656e-02 5.407793e+00 1.395020e+00 3.376530e+00
1050 6.408691e-02 5.285084e+00 1.412619e+00 3.345500e+00
1060 6.469727e-02 5.155832e+00 1.428771e+00 3.312785e+00
1070 6.530762e-02 5.021042e+00 1.443365e+00 3.278352e+00
1080 6.591797e-02 4.881699e+00 1.456315e+00 3.242178e+00
1090 6.652832e-02 4.738754e+00 1.467560e+00 3.204255e+00
1100 6.713867e-02 4.593117e+00 1.477058e+00 3.164586e+00
1110 6.774902e-02 4.445653e+00 1.484783e+00 3.123185e+00
1120 6.835938e-02 4.297174e+00 1.490726e+00 3.080079e+00
1130 6.896973e-02 4.148443e+00 1.494891e+00 3.035303e+00
1140 6.958008e-02 4.000166e+00 1.497292e+00 2.988901e+00
1150 7.019043e-02 3.852996e+00 1.497954e+00 2.940925e+00
1160 7.080078e-02 3.707532e+00 1.496908e+00 2.891435e+00
1170 7.141113e-02 3.564322e+00 1.494195e+00 2.840499e+00
1180 7.202148e-02 3.423862e+00 1.489859e+00 2.788188e+00
1190 7.263184e-02 3.286599e+00 1.483953e+00 2.734581e+00
1200 7.324219e-02 3.152934e+00 1.476529e+00 2.679758e+00
1210 7.385254e-02 3.023222e+00 1.467647e+00 2.623806e+00
1220 7.446289e-02 2.897777e+00 1.457368e+00 2.566813e+00
1230 7.507324e-02 2.776870e+00 1.445753e+00 2.508870e+00
1240 7.568359e-02 2.660735e+00 1.432868e+00 2.450069e+00
1250 7.629395e-02 2.549569e+00 1.418778e+00 2.390505e+00
1260 7.690430e-02 2.443531e+00 1.403550e+00 2.330272e+00
1270 7.751465e-02 2.342748e+00 1.387250e+00 2.269466e+00
1280 7.812500e-02 2.247312e+00 1.369945e+00 2.208181e+00
1290 7.873535e-02 2.157282e+00 1.351702e+00 2.146512e+00
1300 7.934570e-02 2.072684e+00 1.332586e+00 2.084553e+00
1310 7.995605e-02 1.993512e+00 1.312663e+00 2.022397e+00
1320 8.056641e-02 1.919728e+00 1.291996e+00 1.960136e+00
1330 8.117676e-02 1.851262e+00 1.270648e+00 1.897860e+00
1340 8.178711e-02 1.788011e+00 1.248683e+00 1.835658e+00
1350 8.239746e-02 1.729843e+00 1.226159e+00 1.773617e+00
1360 8.300781e-02 1.676593e+00 1.203136e+00 1.711822e+00
1370 8.361816e-02 1.628072e+00 1.179671e+00 1.650357e+00
1380 8.422852e-02 1.584061e+00 1.155821e+00 1.589304e+00
1390 8.483887e-02 1.544321e+00 1.131638e+00 1.528744e+00
1400 8.544922e-02 1.508590e+00 1.107177e+00 1.468754e+00
1410 8.605957e-02 1.476595e+00 1.082487e+00 1.409412e+00
1420 8.666992e-02 1.448048e+00 1.057617e+00 1.350794e+00
1430 8.728027e-02 1.422657e+00 1.032616e+00 1.292975e+00
1440 8.789063e-02 1.400126e+00 1.007527e+00 1.236028e+00
1450 8.850098e-02 1.380162e+00 9.823962e-01 1.180027e+00
1460 8.911133e-02 1.362480e+00 9.572642e-01 1.125045e+00
1470 8.972168e-02 1.346802e+00 9.321719e-01 1.071157e+00
1480 9.033203e-02 1.332863e+00 9.071580e-01 1.018436e+00
1490 9.094238e-02 1.320415e+00 8.822596e-01 9.669608e-01
1500 9.155273e-02 1.309223e+00 8.575122e-01 9.168087e-01
1510 9.216309e-02 1.299073e+00 8.329499e-01 8.680627e-01
1520 9.277344e-02 1.289765e+00 8.086051e-01 8.208093e-01
1530 9.338379e-02 1.281121e+00 7.845087e-01 7.751409e-01
1540 9.399414e-02 1.272977e+00 7.606904e-01 7.311564e-01
1550 9.460449e-02 1.265189e+00 7.371784e-01 6.889631e-01
1560 9.521484e-02 1.257629e+00 7.139996e-01 6.486777e-01
1570 9.582520e-02 1.250182e+00 6.911796e-01 6.104275e-01
1580 9.643555e-02 1.242750e+00 6.687429e-01 5.743513e-01
1590 9.704590e-02 1.235247e+00 6.467127e-01 5.405996e-01
1600 9.765625e-02 1.227601e+00 6.251112e-01 5.093332e-01
1610 9.826660e-02 1.219749e+00 6.039596e-01 4.807203e-01
1620 9.887695e-02 1.211640e+00 5.832779e-01 4.549311e-01
1630 9.948730e-02 1.203233e+00 5.630855e-01 4.321286e-01
1640 1.000977e-01 1.194492e+00 5.434006e-01 4.124565e-01
1650 1.007080e-01 1.185393e+00 5.242406e-01 3.960236e-01
1660 1.013184e-01 1.175916e+00 5.056222e-01 3.828867e-01
1670 1.019287e-01 1.166047e+00 4.875612e-01 3.730355e-01
1680 1.025391e-01 1.155779e+00 4.700727e-01 3.663822e-01
1690 1.031494e-01 1.145110e+00 4.531710e-01 3.627596e-01
1700 1.037598e-01 1.134040e+00 4.368695e-01 3.619285e-01
1710 1.043701e-01 1.122576e+00 4.211809e-01 3.635934e-01
1720 1.049805e-01 1.110726e+00 4.061171e-01 3.674240e-01
1730 1.055908e-01 1.098502e+00 3.916888e-01 3.730757e-01
1740 1.062012e-01 1.085918e+00 3.779060e-01 3.802095e-01
1750 1.068115e-01 1.072992e+00 3.647772e-01 3.885055e-01
1760 1.074219e-01 1.059741e+00 3.523098e-01 3.976723e-01
1770 1.080322e-01 1.046187e+00 3.405094e-01 4.074513e-01
1780 1.086426e-01 1.032351e+00 3.293803e-01 4.176175e-01
1790 1.092529e-01 1.018257e+00 3.189245e-01 4.279788e-01
1800 1.098633e-01 1.003928e+00 3.091418e-01 4.383725e-01
1810 1.104736e-01 9.893884e-01 3.000298e-01 4.486629e-01
1820 1.110840e-01 9.746646e-01 2.915830e-01 4.587375e-01
1830 1.116943e-01 9.597817e-01 2.837934e-01 4.685038e-01
1840 1.123047e-01 9.447656e-01 2.766496e-01 4.778865e-01
1850 1.129150e-01 9.296421e-01 2.701371e-01 4.868250e-01
1860 1.135254e-01 9.144369e-01 2.642382e-01 4.952707e-01
1870 1.141357e-01 8.991755e-01 2.589318e-01 5.031857e-01
1880 1.147461e-01 8.838829e-01 2.541940e-01 5.105408e-01
1890 1.153564e-01 8.685835e-01 2.499978e-01 5.173142e-01
1900 1.159668e-01 8.533012e-01 2.463135e-01 5.234904e-01
1910 1.165771e-01 8.380591e-01 2.431097e-01 5.290593e-01
1920 1.171875e-01 8.228793e-01 2.403527e-01 5.340152e-01
1930 1.177979e-01 8.077830e-01 2.380080e-01 5.383563e-01
1940 1.184082e-01 7.927905e-01 2.360400e-01 5.420841e-01
1950 1.190186e-01 7.779206e-01 2.344131e-01 5.452027e-01
1960 1.196289e-01 7.631912e-01 2.330916e-01 5.477186e-01
1970 1.202393e-01 7.486189e-01 2.320406e-01 5.496405e-01
1980 1.208496e-01 7.342189e-01 2.312260e-01 5.509785e-01
1990 1.214600e-01 7.200050e-01 2.306153e-01 5.517445e-01
2000 1.220703e-01 7.059899e-01 2.301771e-01 5.519512e-01
2010 1.226807e-01 6.921845e-01 2.298821e-01 5.516126e-01
2020 1.232910e-01 6.785986e-01 2.297025e-01 5.507434e-01
2030 1.239014e-01 6.652405e-01 2.296128e-01 5.493592e-01
2040 1.245117e-01 6.521171e-01 2.295890e-01 5.474760e-01
2050 1.251221e-01 6.392339e-01 2.296093e-01 5.451103e-01
2060 1.257324e-01 6.265951e-01 2.296539e-01 5.422790e-01
2070 1.263428e-01 6.142036e-01 2.297047e-01 5.389992e-01
2080 1.269531e-01 6.020613e-01 2.297453e-01 5.352883e-01
2090 1.275635e-01 5.901685e-01 2.297611e-01 5.311638e-01
2100 1.281738e-01 5.785248e-01 2.297390e-01 5.266433e-01
2110 1.287842e-01 5.671285e-01 2.296675e-01 5.217443e-01
2120 1.293945e-01 5.559773e-01 2.295365e-01 5.164844e-01
2130 1.300049e-01 5.450678e-01 2.293369e-01 5.108811e-01
2140 1.306152e-01 5.343960e-01 2.290610e-01 5.049517e-01
2150 1.312256e-01 5.239572e-01 2.287024e-01 4.987136e-01
2160 1.318359e-01 5.137462e-01 2.282552e-01 4.921838e-01
2170 1.324463e-01 5.037575e-01 2.277149e-01 4.853791e-01
2180 1.330566e-01 4.939850e-01 2.270776e-01 4.783163e-01
2190 1.336670e-01 4.844226e-01 2.263402e-01 4.710117e-01
2200 1.342773e-01 4.750639e-01 2.255003e-01 4.634816e-01
2210 1.348877e-01 4.659027e-01 2.245561e-01 4.557419e-01
2220 1.354980e-01 4.569326e-01 2.235066e-01 4.478081e-01
2230 1.361084e-01 4.481473e-01 2.223512e-01 4.396958e-01
2240 1.367188e-01 4.395409e-01 2.210896e-01 4.314198e-01
2250 1.373291e-01 4.311075e-01 2.197222e-01 4.229950e-01
2260 1.379395e-01 4.228417e-01 2.182497e-01 4.144358e-01
2270 1.385498e-01 4.147383e-01 2.166732e-01 4.057563e-01
2280 1.391602e-01 4.067926e-01 2.149942e-01 3.969703e-01
2290 1.397705e-01 3.990003e-01 2.132143e-01 3.880913e-01
2300 1.403809e-01 3.913574e-01 2.113354e-01 3.791324e-01
2310 1.409912e-01 3.838605e-01 2.093600e-01 3.701065e-01
2320 1.416016e-01 3.765065e-01 2.072903e-01 3.610261e-01
2330 1.422119e-01 3.692930e-01 2.051292e-01 3.519034e-01
2340 1.428223e-01 3.622177e-01 2.028793e-01 3.427503e-01
2350 1.434326e-01 3.552789e-01 2.005438e-01 3.335783e-01
2360 1.440430e-01 3.484755e-01 1.981257e-01 3.243987e-01
2370 1.446533e-01 3.418064e-01 1.956284e-01 3.152225e-01
2380 1.452637e-01 3.352710e-01 1.930553e-01 3.060603e-01
2390 1.458740e-01 3.288690e-01 1.904097e-01 2.969226e-01
2400 1.464844e-01 3.226004e-01 1.876955e-01 2.878195e-01
2410 1.470947e-01 3.164654e-01 1.849161e-01 2.787608e-01
2420 1.477051e-01 3.104642e-01 1.820753e-01 2.697561e-01
2430 1.483154e-01 3.045973e-01 1.791769e-01 2.608147e-01
2440 1.489258e-01 2.988653e-01 1.762248e-01 2.519458e-01
2450 1.495361e-01 2.932687e-01 1.732227e-01 2.431584e-01
2460 1.501465e-01 2.878081e-01 1.701746e-01 2.344611e-01
2470 1.507568e-01 2.824838e-01 1.670845e-01 2.258625e-01
2480 1.513672e-01 2.772963e-01 1.639561e-01 2.173710e-01
2490 1.519775e-01 2.722457e-01 1.607936e-01 2.089950e-01
2500 1.525879e-01 2.673321e-01 1.576007e-01 2.007425e-01
2510 1.531982e-01 2.625552e-01 1.543814e-01 1.926218e-01
2520 1.538086e-01 2.579145e-01 1.511397e-01 1.846409e-01
2530 1.544189e-01 2.534092e-01 1.478794e-01 1.768081e-01
2540 1.550293e-01 2.490383e-01 1.446044e-01 1.691314e-01
2550 1.556396e-01 2.448002e-01 1.413186e-01 1.616192e-01
2560 1.562500e-01 2.406933e-01 1.380258e-01 1.542800e-01
2570 1.568604e-01 2.367153e-01 1.347298e-01 1.471225e-01
2580 1.574707e-01 2.328638e-01 1.314343e-01 1.401558e-01
2590 1.580811e-01 2.291360e-01 1.281431e-01 1.333894e-01
2600 1.586914e-01 2.255287e-01 1.248598e-01 1.268332e-01
2610 1.593018e-01 2.220383e-01 1.215881e-01 1.204977e-01
2620 1.599121e-01 2.186610e-01 1.183316e-01 1.143942e-01
2630 1.605225e-01 2.153927e-01 1.150938e-01 1.085345e-01
2640 1.611328e-01 2.122291e-01 1.118783e-01 1.029315e-01
2650 1.617432e-01 2.091655e-01 1.086884e-01 9.759890e-02
2660 1.623535e-01 2.061971e-01 1.055278e-01 9.255112e-02
2670 1.629639e-01 2.033189e-01 1.023996e-01 8.780358e-02
2680 1.635742e-01 2.005259e-01 9.930730e-02 8.337226e-02
2690 1.641846e-01 1.978128e-01 9.625416e-02 7.927345e-02
2700 1.647949e-01 1.951744e-01 9.324343e-02 7.552331e-02
2710 1.654053e-01 1.926054e-01 9.027834e-02 7.213708e-02
2720 1.660156e-01 1.901006e-01 8.736209e-02 6.912826e-02
2730 1.666260e-01 1.876547e-01 8.449781e-02 6.650743e-02
2740 1.672363e-01 1.852626e-01 8.168865e-02 6.428108e-02
2750 1.678467e-01 1.829195e-01 7.893768e-02 6.245042e-02
2760 1.684570e-01 1.806203e-01 7.624798e-02 6.101041e-02
2770 1.690674e-01 1.783604e-01 7.362258e-02 5.994922e-02
2780 1.696777e-01 1.761354e-01 7.106449e-02 5.924823e-02
2790 1.702881e-01 1.739408e-01 6.857669e-02 5.888257e-02
2800 1.708984e-01 1.717728e-01 6.616212e-02 5.882235e-02
2810 1.715088e-01 1.696274e-01 6.382369e-02 5.903403e-02
2820 1.721191e-01 1.675011e-01 6.156423e-02 5.948215e-02
2830 1.727295e-01 1.653906e-01 5.938655e-02 6.013079e-02
2840 1.733398e-01 1.632928e-01 5.729336e-02 6.094495e-02
2850 1.739502e-01 1.612050e-01 5.528725e-02 6.189148e-02
2860 1.745605e-01 1.591247e-01 5.337071e-02 6.293979e-02
2870 1.751709e-01 1.570496e-01 5.154605e-02 6.406221e-02
2880 1.757813e-01 1.549777e-01 4.981539e-02 6.523408e-02
2890 1.763916e-01 1.529073e-01 4.818059e-02 6.643378e-02
2900 1.770020e-01 1.508370e-01 4.664322e-02 6.764251e-02
2910 1.776123e-01 1.487654e-01 4.520448e-02 6.884411e-02
2920 1.782227e-01 1.466917e-01 4.386518e-02 7.002478e-02
2930 1.788330e-01 1.446150e-01 4.262563e-02 7.117285e-02
2940 1.794434e-01 1.425348e-01 4.148562e-02 7.227851e-02
2950 1.800537e-01 1.404507e-01 4.044435e-02 7.333357e-02
2960 1.806641e-01 1.383626e-01 3.950040e-02 7.433131e-02
2970 1.812744e-01 1.362704e-01 3.865172e-02 7.526620e-02
2980 1.818848e-01 1.341743e-01 3.789558e-02 7.613380e-02
2990 1.824951e-01 1.320748e-01 3.722861e-02 7.693062e-02
3000 1.831055e-01 1.299722e-01 3.664685e-02 7.765395e-02
3010 1.837158e-01 1.278672e-01 3.614576e-02 7.830179e-02
3020 1.843262e-01 1.257605e-01 3.572033e-02 7.887274e-02
3030 1.849365e-01 1.236529e-01 3.536514e-02 7.936593e-02
3040 1.855469e-01 1.215454e-01 3.507449e-02 7.978093e-02
3050 1.861572e-01 1.194391e-01 3.484244e-02 8.011772e-02
3060 1.867676e-01 1.173349e-01 3.466300e-02 8.037663e-02
3070 1.873779e-01 1.152342e-01 3.453014e-02 8.055827e-02
3080 1.879883e-01 1.131381e-01 3.443792e-02 8.066351e-02
3090 1.885986e-01 1.110479e-01 3.438056e-02 8.069347e-02
3100 1.892090e-01 1.089649e-01 3.435253e-02 8.064943e-02
3110 1.898193e-01 1.068904e-01 3.434852e-02 8.053288e-02
3120 1.904297e-01 1.048260e-01 3.436358e-02 8.034542e-02
3130 1.910400e-01 1.027728e-01 3.439308e-02 8.008879e-02
3140 1.916504e-01 1.007324e-01 3.443271e-02 7.976485e-02
3150 1.922607e-01 9.870611e-02 3.447856e-02 7.937553e-02
3160 1.928711e-01 9.669535e-02 3.452705e-02 7.892287e-02
3170 1.934814e-01 9.470151e-02 3.457494e-02 7.840894e-02
3180 1.940918e-01 9.272595e-02 3.461935e-02 7.783589e-02
3190 1.947021e-01 9.077003e-02 3.465769e-02 7.720591e-02
3200 1.953125e-01 8.883507e-02 3.468767e-02 7.652121e-02
3210 1.959229e-01 8.692238e-02 3.470732e-02 7.578406e-02
3220 1.965332e-01 8.503322e-02 3.471488e-02 7.499670e-02
3230 1.971436e-01 8.316881e-02 3.470888e-02 7.416144e-02
3240 1.977539e-01 8.133034e-02 3.468805e-02 7.328054e-02
3250 1.983643e-01 7.951896e-02 3.465132e-02 7.235632e-02
3260 1.989746e-01 7.773575e-02 3.459784e-02 7.139104e-02
3270 1.995850e-01 7.598176e-02 3.452689e-02 7.038699e-02
3280 2.001953e-01 7.425798e-02 3.443795e-02 6.934643e-02
3290 2.008057e-01 7.256534e-02 3.433060e-02 6.827161e-02
3300 2.014160e-01 7.090472e-02 3.420460e-02 6.716477e-02
3310 2.020264e-01 6.927693e-02 3.405978e-02 6.602810e-02
3320 2.026367e-01 6.768273e-02 3.389610e-02 6.486379e-02
3330 2.032471e-01 6.612280e-02 3.371361e-02 6.367400e-02
3340 2.038574e-01 6.459777e-02 3.351244e-02 6.246083e-02
3350 2.044678e-01 6.310818e-02 3.329281e-02 6.122640e-02
3360 2.050781e-01 6.165452e-02 3.305500e-02 5.997274e-02
3370 2.056885e-01 6.023720e-02 3.279935e-02 5.870189e-02
3380 2.062988e-01 5.885656e-02 3.252625e-02 5.741582e-02
3390 2.069092e-01 5.751286e-02 3.223615e-02 5.611649e-02
3400 2.075195e-01 5.620629e-02 3.192954e-02 5.480580e-02
3410 2.081299e-01 5.493696e-02 3.160694e-02 5.348562e-02
3420 2.087402e-01 5.370491e-02 3.126890e-02 5.215778e-02
3430 2.093506e-01 5.251009e-02 3.091602e-02 5.082405e-02
3440 2.099609e-01 5.135240e-02 3.054889e-02 4.948620e-02
3450 2.105713e-01 5.023162e-02 3.016816e-02 4.814591e-02
3460 2.111816e-01 4.914749e-02 2.977446e-02 4.680486e-02
3470 2.117920e-01 4.809966e-02 2.936847e-02 4.546467e-02
3480 2.124023e-01 4.708771e-02 2.895084e-02 4.412692e-02
3490 2.130127e-01 4.611114e-02 2.852226e-02 4.279315e-02
3500 2.136230e-01 4.516938e-02 2.808343e-02 4.146486e-02
3510 2.142334e-01 4.426179e-02 2.763503e-02 4.014354e-02
3520 2.148438e-01 4.338767e-02 2.717776e-02 3.883060e-02
3530 2.154541e-01 4.254625e-02 2.671231e-02 3.752744e-02
3540 2.160645e-01 4.173672e-02 2.623939e-02 3.623543e-02
3550 2.166748e-01 4.095817e-02 2.575968e-02 3.495590e-02
3560 2.172852e-01 4.020970e-02 2.527388e-02 3.369016e-02
3570 2.178955e-01 3.949030e-02 2.478266e-02 3.243949e-02
3580 2.185059e-01 3.879898e-02 2.428672e-02 3.120515e-02
3590 2.191162e-01 3.813467e-02 2.378672e-02 2.998838e-02
3600 2.197266e-01 3.749628e-02 2.328333e-02 2.879041e-02
3610 2.203369e-01 3.688271e-02 2.277720e-02 2.761247e-02
3620 2.209473e-01 3.629284e-02 2.226899e-02 2.645577e-02
3630 2.215576e-01 3.572552e-02 2.175934e-02 2.532154e-02
3640 2.221680e-01 3.517960e-02 2.124887e-02 2.421101e-02
3650 2.227783e-01 3.465394e-02 2.073820e-02 2.312542e-02
3660 2.233887e-01 3.414740e-02 2.022795e-02 2.206607e-02
3670 2.239990e-01 3.365884e-02 1.971872e-02 2.103428e-02
3680 2.246094e-01 3.318713e-02 1.921108e-02 2.003140e-02
3690 2.252197e-01 3.273119e-02 1.870563e-02 1.905888e-02
3700 2.258301e-01 3.228993e-02 1.820292e-02 1.811821e-02
3710 2.264404e-01 3.186231e-02 1.770351e-02 1.721098e-02
3720 2.270508e-01 3.144730e-02 1.720795e-02 1.633889e-02
3730 2.276611e-01 3.104392e-02 1.671677e-02 1.550373e-02
3740 2.282715e-01 3.065123e-02 1.623051e-02 1.470742e-02
3750 2.288818e-01 3.026830e-02 1.574966e-02 1.395198e-02
3760 2.294922e-01 2.989427e-02 1.527474e-02 1.323958e-02
3770 2.301025e-01 2.952832e-02 1.480626e-02 1.257243e-02
3780 2.307129e-01 2.916966e-02 1.434468e-02 1.195285e-02
3790 2.313232e-01 2.881755e-02 1.389050e-02 1.138311e-02
3800 2.319336e-01 2.847128e-02 1.344419e-02 1.086541e-02
3810 2.325439e-01 2.813021e-02 1.300620e-02 1.040174e-02
3820 2.331543e-01 2.779372e-02 1.257701e-02 9.993733e-03
3830 2.337646e-01 2.746126e-02 1.215706e-02 9.642507e-03
3840 2.343750e-01 2.713228e-02 1.174679e-02 9.348499e-03
3850 2.349854e-01 2.680632e-02 1.134664e-02 9.111313e-03
3860 2.355957e-01 2.648293e-02 1.095705e-02 8.929626e-03
3870 2.362061e-01 2.616170e-02 1.057844e-02 8.801149e-03
3880 2.368164e-01 2.584227e-02 1.021122e-02 8.722681e-03
3890 2.374268e-01 2.552431e-02 9.855813e-03 8.690231e-03
3900 2.380371e-01 2.520753e-02 9.512610e-03 8.699211e-03
3910 2.386475e-01 2.489167e-02 9.182000e-03 8.744653e-03
3920 2.392578e-01 2.457650e-02 8.864357e-03 8.821434e-03
3930 2.398682e-01 2.426183e-02 8.560039e-03 8.924472e-03
3940 2.404785e-01 2.394748e-02 8.269380e-03 9.048891e-03
3950 2.410889e-01 2.363333e-02 7.992690e-03 9.190132e-03
3960 2.416992e-01 2.331924e-02 7.730245e-03 9.344027e-03
3970 2.423096e-01 2.300515e-02 7.482284e-03 9.506831e-03
3980 2.429199e-01 2.269097e-02 7.249002e-03 9.675228e-03
3990 2.435303e-01 2.237666e-02 7.030539e-03 9.846321e-03
4000 2.441406e-01 2.206220e-02 6.826976e-03 1.001760e-02
4010 2.447510e-01 2.174758e-02 6.638323e-03 1.018691e-02
4020 2.453613e-01 2.143282e-02 6.464516e-03 1.035243e-02
4030 2.459717e-01 2.111794e-02 6.305406e-03 1.051259e-02
4040 2.465820e-01 2.080297e-02 6.160760e-03 1.066612e-02
4050 2.471924e-01 2.048799e-02 6.030251e-03 1.081192e-02
4060 2.478027e-01 2.017305e-02 5.913463e-03 1.094912e-02
4070 2.484131e-01 1.985823e-02 5.809891e-03 1.107699e-02
4080 2.490234e-01 1.954363e-02 5.718945e-03 1.119495e-02
4090 2.496338e-01 1.922935e-02 5.639959e-03 1.130257e-02
4100 2.502441e-01 1.891548e-02 5.572202e-03 1.139949e-02
4110 2.508545e-01 1.860216e-02 5.514885e-03 1.148546e-02
4120 2.514648e-01 1.828949e-02 5.467179e-03 1.156033e-02
4130 2.520752e-01 1.797762e-02 5.428229e-03 1.162399e-02
4140 2.526855e-01 1.766666e-02 5.397161e-03 1.167641e-02
4150 2.532959e-01 1.735677e-02 5.373106e-03 1.171761e-02
4160 2.539063e-01 1.704808e-02 5.355199e-03 1.174765e-02
4170 2.545166e-01 1.674073e-02 5.342603e-03 1.176664e-02
4180 2.551270e-01 1.643487e-02 5.334508e-03 1.177472e-02
4190 2.557373e-01 1.613066e-02 5.330141e-03 1.177207e-02
4200 2.563477e-01 1.582824e-02 5.328773e-03 1.175886e-02
4210 2.569580e-01 1.552776e-02 5.329724e-03 1.173534e-02
4220 2.575684e-01 1.522938e-02 5.332358e-03 1.170174e-02
4230 2.581787e-01 1.493325e-02 5.336094e-03 1.165830e-02
4240 2.587891e-01 1.463951e-02 5.340398e-03 1.160532e-02
4250 2.593994e-01 1.434833e-02 5.344787e-03 1.154306e-02
4260 2.600098e-01 1.405984e-02 5.348825e-03 1.147183e-02
4270 2.606201e-01 1.377419e-02 5.352123e-03 1.139193e-02
4280 2.612305e-01 1.349154e-02 5.354333e-03 1.130366e-02
4290 2.618408e-01 1.321201e-02 5.355151e-03 1.120734e-02
4300 2.624512e-01 1.293576e-02 5.354311e-03 1.110330e-02
4310 2.630615e-01 1.266292e-02 5.351580e-03 1.099185e-02
4320 2.636719e-01 1.239362e-02 5.346761e-03 1.087332e-02
4330 2.642822e-01 1.212799e-02 5.339686e-03 1.074805e-02
4340 2.648926e-01 1.186616e-02 5.330217e-03 1.061635e-02
4350 2.655029e-01 1.160824e-02 5.318239e-03 1.047856e-02
4360 2.661133e-01 1.135436e-02 5.303664e-03 1.033500e-02
4370 2.667236e-01 1.110463e-02 5.286421e-03 1.018600e-02
4380 2.673340e-01 1.085916e-02 5.266463e-03 1.003189e-02
4390 2.679443e-01 1.061804e-02 5.243758e-03 9.872980e-03
4400 2.685547e-01 1.038137e-02 5.218290e-03 9.709596e-03
4410 2.691650e-01 1.014924e-02 5.190059e-03 9.542051e-03
4420 2.697754e-01 9.921744e-03 5.159078e-03 9.370656e-03
4430 2.703857e-01 9.698949e-03 5.125370e-03 9.195721e-03
4440 2.709961e-01 9.480931e-03 5.088970e-03 9.017546e-03
4450 2.716064e-01 9.267752e-03 5.049923e-03 8.836432e-03
4460 2.722168e-01 9.059470e-03 5.008281e-03 8.652672e-03
4470 2.728271e-01 8.856135e-03 4.964104e-03 8.466555e-03
4480 2.734375e-01 8.657788e-03 4.917459e-03 8.278363e-03
4490 2.740479e-01 8.464464e-03 4.868420e-03 8.088376e-03
4500 2.746582e-01 8.276189e-03 4.817065e-03 7.896865e-03
4510 2.752686e-01 8.092981e-03 4.763475e-03 7.704098e-03
4520 2.758789e-01 7.914848e-03 4.707739e-03 7.510335e-03
4530 2.764893e-01 7.741792e-03 4.649945e-03 7.315833e-03
4540 2.770996e-01 7.573803e-03 4.590187e-03 7.120841e-03
4550 2.777100e-01 7.410865e-03 4.528560e-03 6.925603e-03
4560 2.783203e-01 7.252951e-03 4.465161e-03 6.730357e-03
4570 2.789307e-01 7.100025e-03 4.400090e-03 6.535337e-03
4580 2.795410e-01 6.952043e-03 4.333448e-03 6.340770e-03
4590 2.801514e-01 6.808950e-03 4.265334e-03 6.146876e-03
4600 2.807617e-01 6.670682e-03 4.195851e-03 5.953873e-03
4610 2.813721e-01 6.537168e-03 4.125102e-03 5.761972e-03
4620 2.819824e-01 6.408327e-03 4.053188e-03 5.571380e-03
4630 2.825928e-01 6.284068e-03 3.980212e-03 5.382298e-03
4640 2.832031e-01 6.164295e-03 3.906277e-03 5.194923e-03
4650 2.838135e-01 6.048899e-03 3.831483e-03 5.009450e-03
4660 2.844238e-01 5.937770e-03 3.755931e-03 4.826068e-03
4670 2.850342e-01 5.830785e-03 3.679722e-03 4.644964e-03
4680 2.856445e-01 5.727818e-03 3.602954e-03 4.466322e-03
4690 2.862549e-01 5.628735e-03 3.525725e-03 4.290324e-03
4700 2.868652e-01 5.533399e-03 3.448134e-03 4.117153e-03
4710 2.874756e-01 5.441667e-03 3.370274e-03 3.946987e-03
4720 2.880859e-01 5.353391e-03 3.292240e-03 3.780008e-03
4730 2.886963e-01 5.268422e-03 3.214125e-03 3.616399e-03
4740 2.893066e-01 5.186608e-03 3.136021e-03 3.456344e-03
4750 2.899170e-01 5.107793e-03 3.058018e-03 3.300031e-03
4760 2.905273e-01 5.031823e-03 2.980203e-03 3.147655e-03
4770 2.911377e-01 4.958544e-03 2.902664e-03 2.999417e-03
4780 2.917480e-01 4.887799e-03 2.825486e-03 2.855524e-03
4790 2.923584e-01 4.819435e-03 2.748752e-03 2.716197e-03
4800 2.929688e-01 4.753302e-03 2.672546e-03 2.581667e-03
4810 2.935791e-01 4.689249e-03 2.596947e-03 2.452178e-03
4820 2.941895e-01 4.627131e-03 2.522035e-03 2.327992e-03
4830 2.947998e-01 4.566805e-03 2.447887e-03 2.209385e-03
4840 2.954102e-01 4.508133e-03 2.374579e-03 2.096653e-03
4850 2.960205e-01 4.450982e-03 2.302188e-03 1.990105e-03
4860 2.966309e-01 4.395222e-03 2.230786e-03 1.890068e-03
4870 2.972412e-01 4.340730e-03 2.160445e-03 1.796876e-03
4880 2.978516e-01 4.287389e-03 2.091237e-03 1.710866e-03
4890 2.984619e-01 4.235085e-03 2.023232e-03 1.632366e-03
4900 2.990723e-01 4.183712e-03 1.956500e-03 1.561679e-03
4910 2.996826e-01 4.133171e-03 1.891108e-03 1.499063e-03
4920 3.002930e-01 4.083365e-03 1.827123e-03 1.444709e-03
4930 3.009033e-01 4.034208e-03 1.764612e-03 1.398717e-03
4940 3.015137e-01 3.985617e-03 1.703641e-03 1.361072e-03
4950 3.021240e-01 3.937516e-03 1.644274e-03 1.331628e-03
4960 3.027344e-01 3.889833e-03 1.586575e-03 1.310101e-03
4970 3.033447e-01 3.842506e-03 1.530608e-03 1.296069e-03
4980 3.039551e-01 3.795475e-03 1.476433e-03 1.288989e-03
4990 3.045654e-01 3.748687e-03 1.424112e-03 1.288219e-03
5000 3.051758e-01 3.702094e-03 1.373705e-03 1.293054e-03
5010 3.057861e-01 3.655653e-03 1.325267e-03 1.302751e-03
5020 3.063965e-01 3.609327e-03 1.278855e-03 1.316564e-03
5030 3.070068e-01 3.563083e-03 1.234520e-03 1.333771e-03
5040 3.076172e-01 3.516892e-03 1.192312e-03 1.353687e-03
5050 3.082275e-01 3.470731e-03 1.152273e-03 1.375683e-03
5060 3.088379e-01 3.424580e-03 1.114443e-03 1.399186e-03
5070 3.094482e-01 3.378423e-03 1.078853e-03 1.423691e-03
5080 3.100586e-01 3.332247e-03 1.045527e-03 1.448750e-03
5090 3.106689e-01 3.286044e-03 1.014481e-03 1.473973e-03
5100 3.112793e-01 3.239810e-03 9.857182e-04 1.499028e-03
5110 3.118896e-01 3.193540e-03 9.592327e-04 1.523626e-03
5120 3.125000e-01 3.147236e-03 9.350044e-04 1.547526e-03
5130 3.131104e-01 3.100902e-03 9.129998e-04 1.570524e-03
5140 3.137207e-01 3.054541e-03 8.931715e-04 1.592447e-03
5150 3.143311e-01 3.008164e-03 8.754577e-04 1.613156e-03
5160 3.149414e-01 2.961778e-03 8.597824e-04 1.632536e-03
5170 3.155518e-01 2.915397e-03 8.460562e-04 1.650492e-03
5180 3.161621e-01 2.869034e-03 8.341775e-04 1.666952e-03
5190 3.167725e-01 2.822703e-03 8.240339e-04 1.681858e-03
5200 3.173828e-01 2.776422e-03 8.155041e-04 1.695168e-03
5210 3.179932e-01 2.730209e-03 8.084599e-04 1.706854e-03
5220 3.186035e-01 2.684082e-03 8.027688e-04 1.716895e-03
5230 3.192139e-01 2.638061e-03 7.982955e-04 1.725284e-03
5240 3.198242e-01 2.592168e-03 7.949046e-04 1.732018e-03
5250 3.204346e-01 2.546423e-03 7.924624e-04 1.737106e-03
5260 3.210449e-01 2.500850e-03 7.908384e-04 1.740560e-03
5270 3.216553e-01 2.455470e-03 7.899071e-04 1.742398e-03
5280 3.222656e-01 2.410306e-03 7.895486e-04 1.742643e-03
5290 3.228760e-01 2.365383e-03 7.896501e-04 1.741322e-03
5300 3.234863e-01 2.320723e-03 7.901059e-04 1.738467e-03
5310 3.240967e-01 2.276352e-03 7.908183e-04 1.734111e-03
5320 3.247070e-01 2.232291e-03 7.916973e-04 1.728291e-03
5330 3.253174e-01 2.188565e-03 7.926609e-04 1.721045e-03
5340 3.259277e-01 2.145198e-03 7.936346e-04 1.712415e-03
5350 3.265381e-01 2.102213e-03 7.945516e-04 1.702444e-03
5360 3.271484e-01 2.059634e-03 7.953522e-04 1.691174e-03
5370 3.277588e-01 2.017483e-03 7.959836e-04 1.678651e-03
5380 3.283691e-01 1.975782e-03 7.963990e-04 1.664922e-03
5390 3.289795e-01 1.934555e-03 7.965580e-04 1.650032e-03
5400 3.295898e-01 1.893821e-03 7.964254e-04 1.634030e-03
5410 3.302002e-01 1.853604e-03 7.959712e-04 1.616964e-03
5420 3.308105e-01 1.813922e-03 7.951703e-04 1.598880e-03
5430 3.314209e-01 1.774796e-03 7.940016e-04 1.579829e-03
5440 3.320313e-01 1.736245e-03 7.924481e-04 1.559857e-03
5450 3.326416e-01 1.698288e-03 7.904964e-04 1.539014e-03
5460 3.332520e-01 1.660942e-03 7.881363e-04 1.517348e-03
5470 3.338623e-01 1.624223e-03 7.853607e-04 1.494905e-03
5480 3.344727e-01 1.588149e-03 7.821650e-04 1.471734e-03
5490 3.350830e-01 1.552734e-03 7.785472e-04 1.447883e-03
5500 3.356934e-01 1.517993e-03 7.745075e-04 1.423397e-03
5510 3.363037e-01 1.483938e-03 7.700479e-04 1.398322e-03
5520 3.369141e-01 1.450582e-03 7.651724e-04 1.372705e-03
5530 3.375244e-01 1.417936e-03 7.598864e-04 1.346591e-03
5540 3.381348e-01 1.386010e-03 7.541968e-04 1.320023e-03
5550 3.387451e-01 1.354814e-03 7.481118e-04 1.293046e-03
5560 3.393555e-01 1.324355e-03 7.416408e-04 1.265702e-03
5570 3.399658e-01 1.294639e-03 7.347940e-04 1.238033e-03
5580 3.405762e-01 1.265673e-03 7.275826e-04 1.210081e-03
5590 3.411865e-01 1.237461e-03 7.200186e-04 1.181886e-03
5600 3.417969e-01 1.210005e-03 7.121146e-04 1.153488e-03
5610 3.424072e-01 1.183307e-03 7.038839e-04 1.124926e-03
5620 3.430176e-01 1.157368e-03 6.953401e-04 1.096239e-03
5630 3.436279e-01 1.132186e-03 6.864976e-04 1.067462e-03
5640 3.442383e-01 1.107759e-03 6.773706e-04 1.038633e-03
5650 3.448486e-01 1.084083e-03 6.679741e-04 1.009787e-03
5660 3.454590e-01 1.061154e-03 6.583231e-04 9.809592e-04
5670 3.460693e-01 1.038964e-03 6.484329e-04 9.521830e-04
5680 3.466797e-01 1.017506e-03 6.383186e-04 9.234916e-04
5690 3.472900e-01 9.967694e-04 6.279959e-04 8.949172e-04
5700 3.479004e-01 9.767448e-04 6.174801e-04 8.664915e-04
5710 3.485107e-01 9.574198e-04 6.067868e-04 8.382451e-04
5720 3.491211e-01 9.387812e-04 5.959315e-04 8.102081e-04
5730 3.497314e-01 9.208143e-04 5.849295e-04 7.824100e-04
5740 3.503418e-01 9.035035e-04 5.737962e-04 7.548795e-04
5750 3.509521e-01 8.868319e-04 5.625468e-04 7.276449e-04
5760 3.515625e-01 8.707816e-04 5.511965e-04 7.007340e-04
5770 3.521729e-01 8.553338e-04 5.397601e-04 6.741739e-04
5780 3.527832e-01 8.404687e-04 5.282525e-04 6.479919e-04
5790 3.533936e-01 8.261658e-04 5.166882e-04 6.222144e-04
5800 3.540039e-01 8.124038e-04 5.050817e-04 5.968683e-04
5810 3.546143e-01 7.991609e-04 4.934472e-04 5.719801e-04
5820 3.552246e-01 7.864148e-04 4.817986e-04 5.475764e-04
5830 3.558350e-01 7.741428e-04 4.701498e-04 5.236842e-04
5840 3.564453e-01 7.623219e-04 4.585142e-04 5.003311e-04
5850 3.570557e-01 7.509292e-04 4.469051e-04 4.775451e-04
5860 3.576660e-01 7.399414e-04 4.353357e-04 4.553551e-04
5870 3.582764e-01 7.293355e-04 4.238187e-04 4.337912e-04
5880 3.588867e-01 7.190887e-04 4.123667e-04 4.128847e-04
5890 3.594971e-01 7.091783e-04 4.009921e-04 3.926687e-04
5900 3.601074e-01 6.995821e-04 3.897069e-04 3.731780e-04
5910 3.607178e-01 6.902784e-04 3.785232e-04 3.544495e-04
5920 3.613281e-01 6.812460e-04 3.674525e-04 3.365224e-04
5930 3.619385e-01 6.724640e-04 3.565062e-04 3.194386e-04
5940 3.625488e-01 6.639127e-04 3.456958e-04 3.032420e-04
5950 3.631592e-01 6.555727e-04 3.350320e-04 2.879791e-04
5960 3.637695e-01 6.474255e-04 3.245260e-04 2.736978e-04
5970 3.643799e-01 6.394536e-04 3.141882e-04 2.604471e-04
5980 3.649902e-01 6.316401e-04 3.040292e-04 2.482754e-04
5990 3.656006e-01 6.239689e-04 2.940593e-04 2.372286e-04
6000 3.662109e-01 6.164252e-04 2.842888e-04 2.273478e-04
6010 3.668213e-01 6.089946e-04 2.747277e-04 2.186658e-04
6020 3.674316e-01 6.016639e-04 2.653859e-04 2.112042e-04
6030 3.680420e-01 5.944207e-04 2.562731e-04 2.049695e-04
6040 3.686523e-01 5.872535e-04 2.473991e-04 1.999505e-04
6050 3.692627e-01 5.801518e-04 2.387733e-04 1.961165e-04
6060 3.698730e-01 5.731057e-04 2.304051e-04 1.934163e-04
6070 3.704834e-01 5.661064e-04 2.223037e-04 1.917801e-04
6080 3.710938e-01 5.591458e-04 2.144781e-04 1.911217e-04
6090 3.717041e-01 5.522165e-04 2.069371e-04 1.913428e-04
6100 3.723145e-01 5.453122e-04 1.996892e-04 1.923377e-04
6110 3.729248e-01 5.384269e-04 1.927425e-04 1.939974e-04
6120 3.735352e-01 5.315558e-04 1.861048e-04 1.962143e-04
6130 3.741455e-01 5.246942e-04 1.797830e-04 1.988850e-04
6140 3.747559e-01 5.178387e-04 1.737838e-04 2.019129e-04
6150 3.753662e-01 5.109859e-04 1.681127e-04 2.052096e-04
6160 3.759766e-01 5.041335e-04 1.627745e-04 2.086957e-04
6170 3.765869e-01 4.972794e-04 1.577726e-04 2.123005e-04
6180 3.771973e-01 4.904222e-04 1.531094e-04 2.159624e-04
6190 3.778076e-01 4.835609e-04 1.487853e-04 2.196278e-04
6200 3.784180e-01 4.766950e-04 1.447994e-04 2.232507e-04
6210 3.790283e-01 4.698244e-04 1.411488e-04 2.267919e-04
6220 3.796387e-01 4.629495e-04 1.378285e-04 2.302180e-04
6230 3.802490e-01 4.560709e-04 1.348317e-04 2.335013e-04
6240 3.808594e-01 4.491897e-04 1.321493e-04 2.366184e-04
6250 3.814697e-01 4.423072e-04 1.297701e-04 2.395504e-04
6260 3.820801e-01 4.354251e-04 1.276811e-04 2.422814e-04
6270 3.826904e-01 4.285452e-04 1.258673e-04 2.447992e-04
6280 3.833008e-01 4.216697e-04 1.243123e-04 2.470938e-04
6290 3.839111e-01 4.148009e-04 1.229983e-04 2.491579e-04
6300 3.845215e-01 4.079414e-04 1.219064e-04 2.509858e-04
6310 3.851318e-01 4.010938e-04 1.210172e-04 2.525740e-04
6320 3.857422e-01 3.942611e-04 1.203106e-04 2.539203e-04
6330 3.863525e-01 3.874463e-04 1.197668e-04 2.550238e-04
6340 3.869629e-01 3.806525e-04 1.193659e-04 2.558849e-04
6350 3.875732e-01 3.738828e-04 1.190887e-04 2.565049e-04
6360 3.881836e-01 3.671406e-04 1.189165e-04 2.568860e-04
6370 3.887939e-01 3.604293e-04 1.188315e-04 2.570311e-04
6380 3.894043e-01 3.537523e-04 1.188170e-04 2.569440e-04
6390 3.900146e-01 3.471130e-04 1.188572e-04 2.566288e-04
6400 3.906250e-01 3.405149e-04 1.189376e-04 2.560902e-04
6410 3.912354e-01 3.339614e-04 1.190446e-04 2.553335e-04
6420 3.918457e-01 3.274562e-04 1.191660e-04 2.543640e-04
6430 3.924561e-01 3.210026e-04 1.192906e-04 2.531877e-04
6440 3.930664e-01 3.146042e-04 1.194084e-04 2.518106e-04
6450 3.936768e-01 3.082643e-04 1.195105e-04 2.502391e-04
6460 3.942871e-01 3.019863e-04 1.195887e-04 2.484798e-04
6470 3.948975e-01 2.957735e-04 1.196361e-04 2.465393e-04
6480 3.955078e-01 2.896294e-04 1.196465e-04 2.444244e-04
6490 3.961182e-01 2.835569e-04 1.196146e-04 2.421421e-04
6500 3.967285e-01 2.775594e-04 1.195359e-04 2.396993e-04
6510 3.973389e-01 2.716398e-04 1.194065e-04 2.371032e-04
6520 3.979492e-01 2.658011e-04 1.192231e-04 2.343608e-04
6530 3.985596e-01 2.600462e-04 1.189831e-04 2.314793e-04
6540 3.991699e-01 2.543779e-04 1.186845e-04 2.284657e-04
6550 3.997803e-01 2.487987e-04 1.183257e-04 2.253271e-04
6560 4.003906e-01 2.433113e-04 1.179055e-04 2.220707e-04
6570 4.010010e-01 2.379181e-04 1.174232e-04 2.187033e-04
6580 4.016113e-01 2.326214e-04 1.168784e-04 2.152321e-04
6590 4.022217e-01 2.274233e-04 1.162710e-04 2.116639e-04
6600 4.028320e-01 2.223259e-04 1.156014e-04 2.080056e-04
6610 4.034424e-01 2.173311e-04 1.148701e-04 2.042639e-04
6620 4.040527e-01 2.124405e-04 1.140777e-04 2.004455e-04
6630 4.046631e-01 2.076558e-04 1.132254e-04 1.965570e-04
6640 4.052734e-01 2.029784e-04 1.123142e-04 1.926049e-04
6650 4.058838e-01 1.984096e-04 1.113455e-04 1.885955e-04
6660 4.064941e-01 1.939503e-04 1.103209e-04 1.845352e-04
6670 4.071045e-01 1.896016e-04 1.092419e-04 1.804300e-04
6680 4.077148e-01 1.853642e-04 1.081104e-04 1.762861e-04
6690 4.083252e-01 1.812385e-04 1.069281e-04 1.721094e-04
6700 4.089355e-01 1.772250e-04 1.056970e-04 1.679056e-04
6710 4.095459e-01 1.733238e-04 1.044191e-04 1.636805e-04
6720 4.101563e-01 1.695348e-04 1.030966e-04 1.594396e-04
6730 4.107666e-01 1.658579e-04 1.017315e-04 1.551883e-04
6740 4.113770e-01 1.622925e-04 1.003261e-04 1.509319e-04
6750 4.119873e-01 1.588380e-04 9.888249e-05 1.466757e-04
6760 4.125977e-01 1.554935e-04 9.740303e-05 1.424247e-04
6770 4.132080e-01 1.522581e-04 9.588997e-05 1.381839e-04
6780 4.138184e-01 1.491304e-04 9.434560e-05 1.339580e-04
6790 4.144287e-01 1.461089e-04 9.277220e-05 1.297518e-04
6800 4.150391e-01 1.431921e-04 9.117208e-05 1.255699e-04
6810 4.156494e-01 1.403779e-04 8.954753e-05 1.214168e-04
6820 4.162598e-01 1.376645e-04 8.790085e-05 1.172970e-04
6830 4.168701e-01 1.350495e-04 8.623430e-05 1.132146e-04
6840 4.174805e-01 1.325305e-04 8.455016e-05 1.091739e-04
6850 4.180908e-01 1.301050e-04 8.285067e-05 1.051791e-04
6860 4.187012e-01 1.277703e-04 8.113804e-05 1.012343e-04
6870 4.193115e-01 1.255236e-04 7.941449e-05 9.734337e-05
6880 4.199219e-01 1.233617e-04 7.768218e-05 9.351045e-05
6890 4.205322e-01 1.212817e-04 7.594325e-05 8.973944e-05
6900 4.211426e-01 1.192804e-04 7.419981e-05 8.603430e-05
6910 4.217529e-01 1.173544e-04 7.245396e-05 8.239897e-05
6920 4.223633e-01 1.155005e-04 7.070773e-05 7.883746e-05
6930 4.229736e-01 1.137153e-04 6.896315e-05 7.535381e-05
6940 4.235840e-01 1.119954e-04 6.722218e-05 7.195215e-05
6950 4.241943e-01 1.103373e-04 6.548678e-05 6.863674e-05
6960 4.248047e-01 1.087376e-04 6.375886e-05 6.541197e-05
6970 4.254150e-01 1.071930e-04 6.204027e-05 6.228242e-05
6980 4.260254e-01 1.057000e-04 6.033288e-05 5.925291e-05
6990 4.266357e-01 1.042553e-04 5.863847e-05 5.632850e-05
7000 4.272461e-01 1.028557e-04 5.695881e-05 5.351455e-05
7010 4.278564e-01 1.014979e-04 5.529565e-05 5.081678e-05
7020 4.284668e-01 1.001789e-04 5.365068e-05 4.824122e-05
7030 4.290771e-01 9.889568e-05 5.202558e-05 4.579432e-05
7040 4.296875e-01 9.764524e-05 5.042199e-05 4.348282e-05
7050 4.302979e-01 9.642482e-05 4.884152e-05 4.131379e-05
7060 4.309082e-01 9.523174e-05 4.728576e-05 3.929446e-05
7070 4.315186e-01 9.406345e-05 4.575626e-05 3.743209e-05
7080 4.321289e-01 9.291749e-05 4.425458e-05 3.573369e-05
7090 4.327393e-01 9.179157e-05 4.278222e-05 3.420568e-05
7100 4.333496e-01 9.068352e-05 4.134067e-05 3.285347e-05
7110 4.339600e-01 8.959129e-05 3.993141e-05 3.168099e-05
7120 4.345703e-01 8.851297e-05 3.855590e-05 3.069012e-05
7130 4.351807e-01 8.744680e-05 3.721557e-05 2.988027e-05
7140 4.357910e-01 8.639113e-05 3.591185e-05 2.924803e-05
7150 4.364014e-01 8.534445e-05 3.464613e-05 2.878696e-05
7160 4.370117e-01 8.430536e-05 3.341980e-05 2.848776e-05
7170 4.376221e-01 8.327262e-05 3.223420e-05 2.833851e-05
7180 4.382324e-01 8.224507e-05 3.109065e-05 2.832529e-05
7190 4.388428e-01 8.122169e-05 2.999045e-05 2.843275e-05
7200 4.394531e-01 8.020156e-05 2.893484e-05 2.864488e-05
7210 4.400635e-01 7.918389e-05 2.792499e-05 2.894558e-05
7220 4.406738e-01 7.816796e-05 2.696203e-05 2.931926e-05
7230 4.412842e-01 7.715319e-05 2.604696e-05 2.975120e-05
7240 4.418945e-01 7.613905e-05 2.518069e-05 3.022781e-05
7250 4.425049e-01 7.512513e-05 2.436401e-05 3.073682e-05
7260 4.431152e-01 7.411110e-05 2.359753e-05 3.126727e-05
7270 4.437256e-01 7.309669e-05 2.288168e-05 3.180953e-05
7280 4.443359e-01 7.208174e-05 2.221666e-05 3.235522e-05
7290 4.449463e-01 7.106612e-05 2.160245e-05 3.289710e-05
7300 4.455566e-01 7.004981e-05 2.103874e-05 3.342898e-05
7310 4.461670e-01 6.903281e-05 2.052493e-05 3.394562e-05
7320 4.467773e-01 6.801520e-05 2.006011e-05 3.444258e-05
7330 4.473877e-01 6.699710e-05 1.964306e-05 3.491619e-05
7340 4.479980e-01 6.597870e-05 1.927225e-05 3.536337e-05
7350 4.486084e-01 6.496022e-05 1.894581e-05 3.578162e-05
7360 4.492188e-01 6.394191e-05 1.866163e-05 3.616892e-05
7370 4.498291e-01 6.292408e-05 1.841730e-05 3.652366e-05
7380 4.504395e-01 6.190706e-05 1.821022e-05 3.684462e-05
7390 4.510498e-01 6.089121e-05 1.803761e-05 3.713087e-05
7400 4.516602e-01 5.987692e-05 1.789656e-05 3.738177e-05
7410 4.522705e-01 5.886462e-05 1.778407e-05 3.759690e-05
7420 4.528809e-01 5.785472e-05 1.769715e-05 3.777606e-05
7430 4.534912e-01 5.684770e-05 1.763278e-05 3.791925e-05
7440 4.541016e-01 5.584401e-05 1.758803e-05 3.802660e-05
7450 4.547119e-01 5.484415e-05 1.756005e-05 3.809839e-05
7460 4.553223e-01 5.384860e-05 1.754610e-05 3.813501e-05
7470 4.559326e-01 5.285788e-05 1.754361e-05 3.813696e-05
7480 4.565430e-01 5.187248e-05 1.755015e-05 3.810483e-05
7490 4.571533e-01 5.089293e-05 1.756344e-05 3.803930e-05
7500 4.577637e-01 4.991974e-05 1.758142e-05 3.794110e-05
7510 4.583740e-01 4.895344e-05 1.760217e-05 3.781102e-05
7520 4.589844e-01 4.799453e-05 1.762394e-05 3.764991e-05
7530 4.595947e-01 4.704353e-05 1.764519e-05 3.745865e-05
7540 4.602051e-01 4.610095e-05 1.766450e-05 3.723819e-05
7550 4.608154e-01 4.516731e-05 1.768062e-05 3.698946e-05
7560 4.614258e-01 4.424309e-05 1.769245e-05 3.671345e-05
7570 4.620361e-01 4.332878e-05 1.769903e-05 3.641117e-05
7580 4.626465e-01 4.242488e-05 1.769951e-05 3.608363e-05
7590 4.632568e-01 4.153184e-05 1.769318e-05 3.573187e-05
7600 4.638672e-01 4.065014e-05 1.767943e-05 3.535692e-05
7610 4.644775e-01 3.978020e-05 1.765773e-05 3.495985e-05
7620 4.650879e-01 3.892248e-05 1.762768e-05 3.454169e-05
7630 4.656982e-01 3.807738e-05 1.758893e-05 3.410350e-05
7640 4.663086e-01 3.724530e-05 1.754123e-05 3.364633e-05
7650 4.669189e-01 3.642664e-05 1.748437e-05 3.317124e-05
7660 4.675293e-01 3.562176e-05 1.741824e-05 3.267926e-05
7670 4.681396e-01 3.483100e-05 1.734277e-05 3.217144e-05
7680 4.687500e-01 3.405471e-05 1.725792e-05 3.164879e-05
7690 4.693604e-01 3.329319e-05 1.716373e-05 3.111234e-05
7700 4.699707e-01 3.254673e-05 1.706026e-05 3.056310e-05
7710 4.705811e-01 3.181560e-05 1.694762e-05 3.000206e-05
7720 4.711914e-01 3.110004e-05 1.682595e-05 2.943019e-05
7730 4.718018e-01 3.040027e-05 1.669541e-05 2.884847e-05
7740 4.724121e-01 2.971649e-05 1.655619e-05 2.825786e-05
7750 4.730225e-01 2.904887e-05 1.640852e-05 2.765927e-05
7760 4.736328e-01 2.839756e-05 1.625263e-05 2.705365e-05
7770 4.742432e-01 2.776268e-05 1.608878e-05 2.644187e-05
7780 4.748535e-01 2.714432e-05 1.591724e-05 2.582485e-05
7790 4.754639e-01 2.654254e-05 1.573830e-05 2.520343e-05
7800 4.760742e-01 2.595738e-05 1.555225e-05 2.457847e-05
7810 4.766846e-01 2.538884e-05 1.535942e-05 2.395080e-05
7820 4.772949e-01 2.483691e-05 1.516011e-05 2.332124e-05
7830 4.779053e-01 2.430153e-05 1.495464e-05 2.269057e-05
7840 4.785156e-01 2.378261e-05 1.474336e-05 2.205958e-05
7850 4.791260e-01 2.328005e-05 1.452659e-05 2.142902e-05
7860 4.797363e-01 2.279369e-05 1.430467e-05 2.079964e-05
7870 4.803467e-01 2.232338e-05 1.407795e-05 2.017215e-05
7880 4.809570e-01 2.186889e-05 1.384676e-05 1.954726e-05
7890 4.815674e-01 2.142999e-05 1.361145e-05 1.892566e-05
7900 4.821777e-01 2.100643e-05 1.337237e-05 1.830803e-05
7910 4.827881e-01 2.059791e-05 1.312985e-05 1.769502e-05
7920 4.833984e-01 2.020411e-05 1.288423e-05 1.708727e-05
7930 4.840088e-01 1.982468e-05 1.263586e-05 1.648542e-05
7940 4.846191e-01 1.945927e-05 1.238507e-05 1.589008e-05
7950 4.852295e-01 1.910747e-05 1.213218e-05 1.530186e-05
7960 4.858398e-01 1.876887e-05 1.187755e-05 1.472136e-05
7970 4.864502e-01 1.844303e-05 1.162147e-05 1.414917e-05
7980 4.870605e-01 1.812952e-05 1.136429e-05 1.358588e-05
7990 4.876709e-01 1.782785e-05 1.110630e-05 1.303207e-05
8000 4.882813e-01 1.753756e-05 1.084784e-05 1.248833e-05
8010 4.888916e-01 1.725814e-05 1.058920e-05 1.195524e-05
8020 4.895020e-01 1.698911e-05 1.033068e-05 1.143340e-05
8030 4.901123e-01 1.672997e-05 1.007258e-05 1.092341e-05
8040 4.907227e-01 1.648020e-05 9.815204e-06 1.042589e-05
8050 4.913330e-01 1.623929e-05 9.558823e-06 9.941470e-06
8060 4.919434e-01 1.600675e-05 9.303723e-06 9.470821e-06
8070 4.925537e-01 1.578207e-05 9.050180e-06 9.014631e-06
8080 4.931641e-01 1.556475e-05 8.798465e-06 8.573628e-06
8090 4.937744e-01 1.535432e-05 8.548843e-06 8.148580e-06
8100 4.943848e-01 1.515028e-05 8.301574e-06 7.740301e-06
8110 4.949951e-01 1.495218e-05 8.056914e-06 7.349657e-06
8120 4.956055e-01 1.475955e-05 7.815113e-06 6.977565e-06
8130 4.962158e-01 1.457198e-05 7.576418e-06 6.624995e-06
8140 4.968262e-01 1.438902e-05 7.341071e-06 6.292962e-06
8150 4.974365e-01 1.421029e-05 7.109309e-06 5.982520e-06
8160 4.980469e-01 1.403538e-05 6.881366e-06 5.694734e-06
8170 4.986572e-01 1.386393e-05 6.657472e-06 5.430655e-06
8180 4.992676e-01 1.369560e-05 6.437855e-06 5.191275e-06
8190 4.998779e-01 1.353005e-05 6.222736e-06 4.977470e-06
8200 5.004883e-01 1.336696e-05 6.012337e-06 4.789933e-06
8210 5.010986e-01 1.320606e-05 5.806875e-06 4.629097e-06
8220 5.017090e-01 1.304707e-05 5.606565e-06 4.495068e-06
8230 5.023193e-01 1.288974e-05 5.411618e-06 4.387556e-06
8240 5.029297e-01 1.273383e-05 5.222243e-06 4.305844e-06
8250 5.035400e-01 1.257913e-05 5.038645e-06 4.248776e-06
8260 5.041504e-01 1.242545e-05 4.861027e-06 4.214790e-06
8270 5.047607e-01 1.227261e-05 4.689584e-06 4.201980e-06
8280 5.053711e-01 1.212045e-05 4.524509e-06 4.208185e-06
8290 5.059814e-01 1.196883e-05 4.365988e-06 4.231088e-06
8300 5.065918e-01 1.181762e-05 4.214195e-06 4.268316e-06
8310 5.072021e-01 1.166672e-05 4.069299e-06 4.317527e-06
8320 5.078125e-01 1.151602e-05 3.931453e-06 4.376477e-06
8330 5.084229e-01 1.136545e-05 3.800794e-06 4.443073e-06
8340 5.090332e-01 1.121493e-05 3.677442e-06 4.515402e-06
8350 5.096436e-01 1.106442e-05 3.561493e-06 4.591745e-06
8360 5.102539e-01 1.091387e-05 3.453015e-06 4.670578e-06
8370 5.108643e-01 1.076325e-05 3.352049e-06 4.750567e-06
8380 5.114746e-01 1.061253e-05 3.258597e-06 4.830555e-06
8390 5.120850e-01 1.046172e-05 3.172624e-06 4.909548e-06
8400 5.126953e-01 1.031080e-05 3.094053e-06 4.986698e-06
8410 5.133057e-01 1.015978e-05 3.022763e-06 5.061289e-06
8420 5.139160e-01 1.000868e-05 2.958584e-06 5.132717e-06
8430 5.145264e-01 9.857530e-06 2.901303e-06 5.200481e-06
8440 5.151367e-01 9.706349e-06 2.850659e-06 5.264168e-06
8450 5.157471e-01 9.555177e-06 2.806350e-06 5.323443e-06
8460 5.163574e-01 9.404056e-06 2.768034e-06 5.378035e-06
8470 5.169678e-01 9.253034e-06 2.735335e-06 5.427733e-06
8480 5.175781e-01 9.102161e-06 2.707853e-06 5.472376e-06
8490 5.181885e-01 8.951495e-06 2.685162e-06 5.511848e-06
8500 5.187988e-01 8.801095e-06 2.666829e-06 5.546070e-06
8510 5.194092e-01 8.651025e-06 2.652408e-06 5.574995e-06
8520 5.200195e-01 8.501350e-06 2.641459e-06 5.598607e-06
8530 5.206299e-01 8.352140e-06 2.633546e-06 5.616915e-06
8540 5.212402e-01 8.203466e-06 2.628245e-06 5.629948e-06
8550 5.218506e-01 8.055400e-06 2.625148e-06 5.637756e-06
8560 5.224609e-01 7.908016e-06 2.623868e-06 5.640405e-06
8570 5.230713e-01 7.761389e-06 2.624039e-06 5.637974e-06
8580 5.236816e-01 7.615596e-06 2.625321e-06 5.630557e-06
8590 5.242920e-01 7.470713e-06 2.627397e-06 5.618257e-06
8600 5.249023e-01 7.326817e-06 2.629978e-06 5.601187e-06
8610 5.255127e-01 7.183984e-06 2.632800e-06 5.579468e-06
8620 5.261230e-01 7.042291e-06 2.635622e-06 5.553229e-06
8630 5.267334e-01 6.901814e-06 2.638230e-06 5.522603e-06
8640 5.273438e-01 6.762628e-06 2.640432e-06 5.487730e-06
8650 5.279541e-01 6.624808e-06 2.642057e-06 5.448752e-06
8660 5.285645e-01 6.488427e-06 2.642957e-06 5.405816e-06
8670 5.291748e-01 6.353557e-06 2.643000e-06 5.359073e-06
8680 5.297852e-01 6.220268e-06 2.642074e-06 5.308673e-06
8690 5.303955e-01 6.088629e-06 2.640084e-06 5.254770e-06
8700 5.310059e-01 5.958709e-06 2.636948e-06 5.197518e-06
8710 5.316162e-01 5.830570e-06 2.632599e-06 5.137074e-06
8720 5.322266e-01 5.704277e-06 2.626984e-06 5.073591e-06
8730 5.328369e-01 5.579889e-06 2.620059e-06 5.007228e-06
8740 5.334473e-01 5.457467e-06 2.611793e-06 4.938137e-06
8750 5.340576e-01 5.337064e-06 2.602163e-06 4.866475e-06
8760 5.346680e-01 5.218735e-06 2.591155e-06 4.792396e-06
8770 5.352783e-01 5.102530e-06 2.578763e-06 4.716051e-06
8780 5.358887e-01 4.988494e-06 2.564990e-06 4.637592e-06
8790 5.364990e-01 4.876675e-06 2.549841e-06 4.557170e-06
8800 5.371094e-01 4.767113e-06 2.533331e-06 4.474932e-06
8810 5.377197e-01 4.659844e-06 2.515478e-06 4.391024e-06
8820 5.383301e-01 4.554905e-06 2.496306e-06 4.305591e-06
8830 5.389404e-01 4.452325e-06 2.475841e-06 4.218775e-06
8840 5.395508e-01 4.352132e-06 2.454114e-06 4.130714e-06
8850 5.401611e-01 4.254350e-06 2.431159e-06 4.041548e-06
8860 5.407715e-01 4.158997e-06 2.407014e-06 3.951409e-06
8870 5.413818e-01 4.066091e-06 2.381717e-06 3.860431e-06
8880 5.419922e-01 3.975641e-06 2.355311e-06 3.768744e-06
8890 5.426025e-01 3.887657e-06 2.327839e-06 3.676474e-06
8900 5.432129e-01 3.802139e-06 2.299345e-06 3.583746e-06
8910 5.438232e-01 3.719088e-06 2.269878e-06 3.490682e-06
8920 5.444336e-01 3.638496e-06 2.239483e-06 3.397400e-06
8930 5.450439e-01 3.560356e-06 2.208210e-06 3.304016e-06
8940 5.456543e-01 3.484651e-06 2.176108e-06 3.210645e-06
8950 5.462646e-01 3.411362e-06 2.143228e-06 3.117398e-06
8960 5.468750e-01 3.340466e-06 2.109618e-06 3.024382e-06
8970 5.474854e-01 3.271935e-06 2.075331e-06 2.931703e-06
8980 5.480957e-01 3.205734e-06 2.040416e-06 2.839465e-06
8990 5.487061e-01 3.141830e-06 2.004925e-06 2.747768e-06
9000 5.493164e-01 3.080179e-06 1.968907e-06 2.656711e-06
9010 5.499268e-01 3.020735e-06 1.932415e-06 2.566391e-06
9020 5.505371e-01 2.963451e-06 1.895497e-06 2.476901e-06
9030 5.511475e-01 2.908272e-06 1.858204e-06 2.388335e-06
9040 5.517578e-01 2.855142e-06 1.820584e-06 2.300782e-06
9050 5.523682e-01 2.804002e-06 1.782688e-06 2.214334e-06
9060 5.529785e-01 2.754789e-06 1.744563e-06 2.129077e-06
9070 5.535889e-01 2.707435e-06 1.706257e-06 2.045100e-06
9080 5.541992e-01 2.661873e-06 1.667818e-06 1.962490e-06
9090 5.548096e-01 2.618035e-06 1.629291e-06 1.881332e-06
9100 5.554199e-01 2.575845e-06 1.590722e-06 1.801714e-06
9110 5.560303e-01 2.535234e-06 1.552157e-06 1.723725e-06
9120 5.566406e-01 2.496125e-06 1.513639e-06 1.647452e-06
9130 5.572510e-01 2.458443e-06 1.475212e-06 1.572988e-06
9140 5.578613e-01 2.422114e-06 1.436919e-06 1.500426e-06
9150 5.584717e-01 2.387063e-06 1.398801e-06 1.429862e-06
9160 5.590820e-01 2.353214e-06 1.360900e-06 1.361398e-06
9170 5.596924e-01 2.320493e-06 1.323256e-06 1.295141e-06
9180 5.603027e-01 2.288829e-06 1.285908e-06 1.231201e-06
9190 5.609131e-01 2.258147e-06 1.248896e-06 1.169698e-06
9200 5.615234e-01 2.228380e-06 1.212257e-06 1.110758e-06
9210 5.621338e-01 2.199459e-06 1.176028e-06 1.054513e-06
9220 5.627441e-01 2.171317e-06 1.140247e-06 1.001107e-06
9230 5.633545e-01 2.143891e-06 1.104949e-06 9.506874e-07
9240 5.639648e-01 2.117120e-06 1.070170e-06 9.034101e-07
9250 5.645752e-01 2.090945e-06 1.035944e-06 8.594338e-07
9260 5.651855e-01 2.065309e-06 1.002306e-06 8.189172e-07
9270 5.657959e-01 2.040160e-06 9.692893e-07 7.820127e-07
9280 5.664063e-01 2.015447e-06 9.369274e-07 7.488591e-07
9290 5.670166e-01 1.991122e-06 9.052530e-07 7.195722e-07
9300 5.676270e-01 1.967142e-06 8.742983e-07 6.942332e-07
9310 5.682373e-01 1.943464e-06 8.440953e-07 6.728784e-07
9320 5.688477e-01 1.920050e-06 8.146759e-07 6.554888e-07
9330 5.694580e-01 1.896863e-06 7.860708e-07 6.419825e-07
9340 5.700684e-01 1.873872e-06 7.583109e-07 6.322123e-07
9350 5.706787e-01 1.851044e-06 7.314264e-07 6.259681e-07
9360 5.712891e-01 1.828354e-06 7.054470e-07 6.229841e-07
9370 5.718994e-01 1.805777e-06 6.804018e-07 6.229512e-07
9380 5.725098e-01 1.783289e-06 6.563187e-07 6.255316e-07
9390 5.731201e-01 1.760871e-06 6.332249e-07 6.303734e-07
9400 5.737305e-01 1.738505e-06 6.111462e-07 6.371249e-07
9410 5.743408e-01 1.716177e-06 5.901066e-07 6.454457e-07
9420 5.749512e-01 1.693873e-06 5.701283e-07 6.550155e-07
9430 5.755615e-01 1.671583e-06 5.512306e-07 6.655392e-07
9440 5.761719e-01 1.649296e-06 5.334302e-07 6.767504e-07
9450 5.767822e-01 1.627007e-06 5.167397e-07 6.884117e-07
9460 5.773926e-01 1.604709e-06 5.011678e-07 7.003146e-07
9470 5.780029e-01 1.582399e-06 4.867180e-07 7.122774e-07
9480 5.786133e-01 1.560074e-06 4.733885e-07 7.241439e-07
9490 5.792236e-01 1.537734e-06 4.611713e-07 7.357802e-07
9500 5.798340e-01 1.515379e-06 4.500521e-07 7.470730e-07
9510 5.804443e-01 1.493011e-06 4.400095e-07 7.579266e-07
9520 5.810547e-01 1.470633e-06 4.310150e-07 7.682614e-07
9530 5.816650e-01 1.448249e-06 4.230332e-07 7.780112e-07
9540 5.822754e-01 1.425863e-06 4.160222e-07 7.871222e-07
9550 5.828857e-01 1.403482e-06 4.099336e-07 7.955507e-07
9560 5.834961e-01 1.381112e-06 4.047137e-07 8.032625e-07
9570 5.841064e-01 1.358760e-06 4.003040e-07 8.102309e-07
9580 5.847168e-01 1.336435e-06 3.966426e-07 8.164363e-07
9590 5.853271e-01 1.314145e-06 3.936648e-07 8.218649e-07
9600 5.859375e-01 1.291900e-06 3.913044e-07 8.265083e-07
9610 5.865479e-01 1.269708e-06 3.894949e-07 8.303624e-07
9620 5.871582e-01 1.247581e-06 3.881703e-07 8.334270e-07
9630 5.877686e-01 1.225528e-06 3.872660e-07 8.357056e-07
9640 5.883789e-01 1.203560e-06 3.867197e-07 8.372043e-07
9650 5.889893e-01 1.181687e-06 3.864716e-07 8.379322e-07
9660 5.895996e-01 1.159923e-06 3.864654e-07 8.379003e-07
9670 5.902100e-01 1.138276e-06 3.866482e-07 8.371216e-07
9680 5.908203e-01 1.116758e-06 3.869707e-07 8.356111e-07
9690 5.914307e-01 1.095382e-06 3.873879e-07 8.333850e-07
9700 5.920410e-01 1.074158e-06 3.878583e-07 8.304608e-07
9710 5.926514e-01 1.053097e-06 3.883445e-07 8.268571e-07
9720 5.932617e-01 1.032212e-06 3.888125e-07 8.225936e-07
9730 5.938721e-01 1.011512e-06 3.892321e-07 8.176905e-07
9740 5.944824e-01 9.910095e-07 3.895764e-07 8.121690e-07
9750 5.950928e-01 9.707156e-07 3.898216e-07 8.060505e-07
9760 5.957031e-01 9.506404e-07 3.899471e-07 7.993572e-07
9770 5.963135e-01 9.307952e-07 3.899349e-07 7.921114e-07
9780 5.969238e-01 9.111898e-07 3.897695e-07 7.843358e-07
9790 5.975342e-01 8.918343e-07 3.894380e-07 7.760532e-07
9800 5.981445e-01 8.727379e-07 3.889295e-07 7.672868e-07
9810 5.987549e-01 8.539109e-07 3.882351e-07 7.580596e-07
9820 5.993652e-01 8.353622e-07 3.873477e-07 7.483947e-07
9830 5.999756e-01 8.171007e-07 3.862619e-07 7.383151e-07
9840 6.005859e-01 7.991347e-07 3.849738e-07 7.278440e-07
9850 6.011963e-01 7.814722e-07 3.834807e-07 7.170042e-07
9860 6.018066e-01 7.641213e-07 3.817814e-07 7.058183e-07
9870 6.024170e-01 7.470892e-07 3.798755e-07 6.943090e-07
9880 6.030273e-01 7.303823e-07 3.777638e-07 6.824987e-07
9890 6.036377e-01 7.140062e-07 3.754480e-07 6.704093e-07
9900 6.042480e-01 6.979687e-07 3.729306e-07 6.580627e-07
9910 6.048584e-01 6.822725e-07 3.702147e-07 6.454805e-07
9920 6.054688e-01 6.669249e-07 3.673040e-07 6.326837e-07
9930 6.060791e-01 6.519289e-07 3.642031e-07 6.196933e-07
9940 6.066895e-01 6.372876e-07 3.609167e-07 6.065298e-07
9950 6.072998e-01 6.230059e-07 3.574503e-07 5.932134e-07
9960 6.079102e-01 6.090858e-07 3.538096e-07 5.797638e-07
9970 6.085205e-01 5.955291e-07 3.500005e-07 5.662005e-07
9980 6.091309e-01 5.823360e-07 3.460296e-07 5.525425e-07
9990 6.097412e-01 5.695086e-07 3.419035e-07 5.388083e-07
10000 6.103516e-01 5.570464e-07 3.376290e-07 5.250163e-07
10010 6.109619e-01 5.449495e-07 3.332131e-07 5.111842e-07
10020 6.115723e-01 5.332165e-07 3.286631e-07 4.973295e-07
10030 6.121826e-01 5.218454e-07 3.239861e-07 4.834691e-07
10040 6.127930e-01 5.108328e-07 3.191897e-07 4.696197e-07
10050 6.134033e-01 5.001760e-07 3.142813e-07 4.557975e-07
10060 6.140137e-01 4.898706e-07 3.092684e-07 4.420184e-07
10070 6.146240e-01 4.799146e-07 3.041586e-07 4.282978e-07
10080 6.152344e-01 4.702989e-07 2.989594e-07 4.146508e-07
10090 6.158447e-01 4.610207e-07 2.936784e-07 4.010921e-07
10100 6.164551e-01 4.520717e-07 2.883232e-07 3.876362e-07
10110 6.170654e-01 4.434470e-07 2.829011e-07 3.742973e-07
10120 6.176758e-01 4.351365e-07 2.774197e-07 3.610891e-07
10130 6.182861e-01 4.271334e-07 2.718864e-07 3.480252e-07
10140 6.188965e-01 4.194285e-07 2.663084e-07 3.351189e-07
10150 6.195068e-01 4.120120e-07 2.606930e-07 3.223834e-07
10160 6.201172e-01 4.048769e-07 2.550474e-07 3.098316e-07
10170 6.207275e-01 3.980095e-07 2.493786e-07 2.974765e-07
10180 6.213379e-01 3.914037e-07 2.436936e-07 2.853308e-07
10190 6.219482e-01 3.850457e-07 2.379991e-07 2.734075e-07
10200 6.225586e-01 3.789260e-07 2.323021e-07 2.617193e-07
10210 6.231689e-01 3.730333e-07 2.266090e-07 2.502794e-07
10220 6.237793e-01 3.673559e-07 2.209263e-07 2.391011e-07
10230 6.243896e-01 3.618849e-07 2.152607e-07 2.281979e-07
10240 6.250000e-01 3.566069e-07 2.096183e-07 2.175840e-07
10250 6.256104e-01 3.515116e-07 2.040052e-07 2.072738e-07
10260 6.262207e-01 3.465888e-07 1.984275e-07 1.972827e-07
10270 6.268311e-01 3.418261e-07 1.928912e-07 1.876267e-07
10280 6.274414e-01 3.372141e-07 1.874020e-07 1.783228e-07
10290 6.280518e-01 3.327409e-07 1.819658e-07 1.693890e-07
10300 6.286621e-01 3.283972e-07 1.765880e-07 1.608442e-07
10310 6.292725e-01 3.241738e-07 1.712743e-07 1.527089e-07
10320 6.298828e-01 3.200598e-07 1.660299e-07 1.450042e-07
10330 6.304932e-01 3.160467e-07 1.608603e-07 1.377525e-07
10340 6.311035e-01 3.121256e-07 1.557707e-07 1.309771e-07
10350 6.317139e-01 3.082876e-07 1.507660e-07 1.247013e-07
10360 6.323242e-01 3.045248e-07 1.458516e-07 1.189479e-07
10370 6.329346e-01 3.008294e-07 1.410322e-07 1.137385e-07
10380 6.335449e-01 2.971951e-07 1.363127e-07 1.090920e-07
10390 6.341553e-01 2.936141e-07 1.316982e-07 1.050231e-07
10400 6.347656e-01 2.900804e-07 1.271932e-07 1.015406e-07
10410 6.353760e-01 2.865878e-07 1.228026e-07 9.864623e-08
10420 6.359863e-01 2.831315e-07 1.185310e-07 9.633264e-08
10430 6.365967e-01 2.797061e-07 1.143829e-07 9.458329e-08
10440 6.372070e-01 2.763068e-07 1.103629e-07 9.337207e-08
10450 6.378174e-01 2.729291e-07 1.064753e-07 9.266388e-08
10460 6.384277e-01 2.695699e-07 1.027246e-07 9.241647e-08
10470 6.390381e-01 2.662251e-07 9.911472e-08 9.258203e-08
10480 6.396484e-01 2.628920e-07 9.564995e-08 9.310971e-08
10490 6.402588e-01 2.595675e-07 9.233410e-08 9.394736e-08
10500 6.408691e-01 2.562496e-07 8.917061e-08 9.504376e-08
10510 6.414795e-01 2.529360e-07 8.616296e-08 9.635006e-08
10520 6.420898e-01 2.496249e-07 8.331405e-08 9.782056e-08
10530 6.427002e-01 2.463150e-07 8.062634e-08 9.941375e-08
10540 6.433105e-01 2.430050e-07 7.810201e-08 1.010922e-07
10550 6.439209e-01 2.396940e-07 7.574226e-08 1.028229e-07
10560 6.445313e-01 2.363815e-07 7.354792e-08 1.045767e-07
10570 6.451416e-01 2.330668e-07 7.151883e-08 1.063288e-07
10580 6.457520e-01 2.297500e-07 6.965423e-08 1.080575e-07
10590 6.463623e-01 2.264307e-07 6.795197e-08 1.097443e-07
10600 6.469727e-01 2.231093e-07 6.640938e-08 1.113740e-07
10610 6.475830e-01 2.197862e-07 6.502251e-08 1.129333e-07
10620 6.481934e-01 2.164621e-07 6.378642e-08 1.144115e-07
10630 6.488037e-01 2.131373e-07 6.269530e-08 1.157995e-07
10640 6.494141e-01 2.098129e-07 6.174221e-08 1.170902e-07
10650 6.500244e-01 2.064894e-07 6.091960e-08 1.182778e-07
10660 6.506348e-01 2.031685e-07 6.021905e-08 1.193575e-07
10670 6.512451e-01 1.998507e-07 5.963168e-08 1.203262e-07
10680 6.518555e-01 1.965381e-07 5.914806e-08 1.211811e-07
10690 6.524658e-01 1.932308e-07 5.875856e-08 1.219207e-07
10700 6.530762e-01 1.899313e-07 5.845352e-08 1.225440e-07
10710 6.536865e-01 1.866405e-07 5.822320e-08 1.230506e-07
10720 6.542969e-01 1.833601e-07 5.805802e-08 1.234408e-07
10730 6.549072e-01 1.800917e-07 5.794875e-08 1.237153e-07
10740 6.555176e-01 1.768367e-07 5.788645e-08 1.238753e-07
10750 6.561279e-01 1.735968e-07 5.786278e-08 1.239221e-07
10760 6.567383e-01 1.703739e-07 5.786969e-08 1.238574e-07
10770 6.573486e-01 1.671692e-07 5.789982e-08 1.236836e-07
10780 6.579590e-01 1.639845e-07 5.794636e-08 1.234027e-07
10790 6.585693e-01 1.608224e-07 5.800301e-08 1.230173e-07
10800 6.591797e-01 1.576834e-07 5.806403e-08 1.225300e-07
10810 6.597900e-01 1.545698e-07 5.812423e-08 1.219437e-07
10820 6.604004e-01 1.514829e-07 5.817904e-08 1.212614e-07
10830 6.610107e-01 1.484245e-07 5.822423e-08 1.204861e-07
10840 6.616211e-01 1.453969e-07 5.825620e-08 1.196209e-07
10850 6.622314e-01 1.424005e-07 5.827165e-08 1.186690e-07
10860 6.628418e-01 1.394378e-07 5.826786e-08 1.176339e-07
10870 6.634521e-01 1.365095e-07 5.824242e-08 1.165187e-07
10880 6.640625e-01 1.336173e-07 5.819323e-08 1.153269e-07
10890 6.646729e-01 1.307638e-07 5.811854e-08 1.140618e-07
10900 6.652832e-01 1.279496e-07 5.801705e-08 1.127270e-07
10910 6.658936e-01 1.251764e-07 5.788748e-08 1.113256e-07
10920 6.665039e-01 1.224446e-07 5.772894e-08 1.098614e-07
10930 6.671143e-01 1.197558e-07 5.754087e-08 1.083376e-07
10940 6.677246e-01 1.171123e-07 5.732267e-08 1.067575e-07
10950 6.683350e-01 1.145147e-07 5.707418e-08 1.051247e-07
10960 6.689453e-01 1.119631e-07 5.679526e-08 1.034424e-07
10970 6.695557e-01 1.094601e-07 5.648588e-08 1.017141e-07
10980 6.701660e-01 1.070057e-07 5.614635e-08 9.994282e-08
10990 6.707764e-01 1.046002e-07 5.577694e-08 9.813199e-08
11000 6.713867e-01 1.022458e-07 5.537802e-08 9.628478e-08
11010 6.719971e-01 9.994255e-08 5.495016e-08 9.440440e-08
11020 6.726074e-01 9.769157e-08 5.449395e-08 9.249388e-08
11030 6.732178e-01 9.549274e-08 5.401012e-08 9.055632e-08
11040 6.738281e-01 9.334707e-08 5.349943e-08 8.859469e-08
11050 6.744385e-01 9.125557e-08 5.296263e-08 8.661207e-08
11060 6.750488e-01 8.921792e-08 5.240064e-08 8.461119e-08
11070 6.756592e-01 8.723372e-08 5.181447e-08 8.259506e-08
11080 6.762695e-01 8.530262e-08 5.120491e-08 8.056641e-08
11089 6.768188e-01 8.361275e-08 5.063725e-08 7.873211e-08
