TITLE = "Cavity Iterative Residual History"
variables="Iteration""Time(s)""Res1""Res2""Res3"
1 6.103516e-04 7.584121e-01 3.947873e+01 0.000000e+00
10 6.103516e-03 1.514422e+00 1.014180e+01 1.579376e+00
20 1.220703e-02 1.676693e+00 5.513100e+00 2.440499e+00
30 1.831055e-02 1.555414e+00 3.364209e+00 2.105618e+00
40 2.441208e-02 1.357367e+00 2.200340e+00 1.966907e+00
50 3.043292e-02 1.221336e+00 1.433147e+00 1.867930e+00
60 3.641321e-02 1.089548e+00 1.020030e+00 1.862295e+00
70 4.239267e-02 9.509713e-01 9.576930e-01 1.869899e+00
80 4.837212e-02 8.178130e-01 1.093385e+00 1.862058e+00
90 5.435157e-02 7.016091e-01 1.264690e+00 1.848677e+00
100 6.033102e-02 6.251197e-01 1.409351e+00 1.832293e+00
110 6.631048e-02 6.098745e-01 1.513179e+00 1.811793e+00
120 7.228993e-02 6.149424e-01 1.577962e+00 1.787770e+00
130 7.826938e-02 5.835913e-01 1.611724e+00 1.758074e+00
140 8.424883e-02 4.886431e-01 1.623848e+00 1.720806e+00
150 9.022828e-02 3.615885e-01 1.623037e+00 1.674861e+00
160 9.620774e-02 3.806342e-01 1.616883e+00 1.619847e+00
170 1.021872e-01 6.171599e-01 1.611143e+00 1.555567e+00
180 1.081666e-01 8.349872e-01 1.609102e+00 1.481240e+00
190 1.141461e-01 8.607672e-01 1.611472e+00 1.395519e+00
200 1.201255e-01 6.888215e-01 1.616509e+00 1.297389e+00
210 1.261050e-01 5.000954e-01 1.620347e+00 1.187798e+00
220 1.320844e-01 4.844471e-01 1.616898e+00 1.070726e+00
230 1.380639e-01 5.725660e-01 1.597915e+00 9.549825e-01
240 1.440434e-01 6.506557e-01 1.554472e+00 8.563207e-01
250 1.500228e-01 6.981019e-01 1.481003e+00 7.943455e-01
260 1.560023e-01 7.215032e-01 1.380789e+00 7.796120e-01
270 1.619817e-01 7.273699e-01 1.268539e+00 8.039321e-01
280 1.679612e-01 7.185369e-01 1.164975e+00 8.487666e-01
290 1.739406e-01 6.956150e-01 1.084570e+00 8.982837e-01
300 1.799201e-01 6.586359e-01 1.027377e+00 9.424871e-01
310 1.858995e-01 6.081635e-01 9.838110e-01 9.745493e-01
320 1.918790e-01 5.463219e-01 9.457515e-01 9.891247e-01
330 1.978584e-01 4.782335e-01 9.122238e-01 9.836004e-01
340 2.038379e-01 4.135978e-01 8.877119e-01 9.611289e-01
350 2.098173e-01 3.667304e-01 8.772914e-01 9.318794e-01
360 2.157968e-01 3.503493e-01 8.814616e-01 9.084682e-01
370 2.217762e-01 3.629785e-01 8.940354e-01 8.972995e-01
380 2.277557e-01 3.882405e-01 9.054360e-01 8.939522e-01
390 2.337351e-01 4.088959e-01 9.080036e-01 8.866985e-01
400 2.397146e-01 4.153410e-01 8.985719e-01 8.633673e-01
410 2.456931e-01 4.052958e-01 8.775394e-01 8.160579e-01
420 2.516635e-01 3.812969e-01 8.462921e-01 7.429753e-01
430 2.576264e-01 3.488734e-01 8.052156e-01 6.487641e-01
440 2.635841e-01 3.151232e-01 7.536478e-01 5.442703e-01
450 2.695382e-01 2.866873e-01 6.915038e-01 4.457313e-01
460 2.754898e-01 2.671066e-01 6.210104e-01 3.720964e-01
470 2.814389e-01 2.554438e-01 5.471384e-01 3.368090e-01
480 2.873854e-01 2.479782e-01 4.765378e-01 3.361783e-01
490 2.933289e-01 2.414043e-01 4.156431e-01 3.526398e-01
500 2.992692e-01 2.345225e-01 3.686607e-01 3.705009e-01
510 3.052061e-01 2.275809e-01 3.361374e-01 3.822302e-01
520 3.111401e-01 2.206756e-01 3.151175e-01 3.862747e-01
530 3.170719e-01 2.129988e-01 3.011608e-01 3.840622e-01
540 3.230025e-01 2.035232e-01 2.907247e-01 3.781277e-01
550 3.289329e-01 1.921963e-01 2.823144e-01 3.710918e-01
560 3.348633e-01 1.804589e-01 2.762271e-01 3.650882e-01
570 3.407937e-01 1.705876e-01 2.735344e-01 3.614284e-01
580 3.467241e-01 1.642095e-01 2.749921e-01 3.604605e-01
590 3.526545e-01 1.611092e-01 2.803907e-01 3.616487e-01
600 3.585848e-01 1.594026e-01 2.885378e-01 3.638542e-01
610 3.645152e-01 1.567940e-01 2.976620e-01 3.657121e-01
620 3.704456e-01 1.516887e-01 3.058735e-01 3.659685e-01
630 3.763760e-01 1.436051e-01 3.114845e-01 3.636880e-01
640 3.823064e-01 1.330667e-01 3.131829e-01 3.583238e-01
650 3.882368e-01 1.213110e-01 3.101257e-01 3.496901e-01
660 3.941672e-01 1.099520e-01 3.019930e-01 3.378984e-01
670 4.000976e-01 1.006057e-01 2.890115e-01 3.233002e-01
680 4.060280e-01 9.443832e-02 2.719339e-01 3.064543e-01
690 4.119584e-01 9.175958e-02 2.519558e-01 2.881043e-01
700 4.178888e-01 9.197078e-02 2.305540e-01 2.691440e-01
710 4.238192e-01 9.399228e-02 2.092427e-01 2.505424e-01
720 4.297495e-01 9.680747e-02 1.892741e-01 2.332260e-01
730 4.356799e-01 9.975206e-02 1.713628e-01 2.179375e-01
740 4.416103e-01 1.025185e-01 1.555570e-01 2.051212e-01
750 4.475407e-01 1.050142e-01 1.413542e-01 1.948861e-01
760 4.534711e-01 1.071922e-01 1.280276e-01 1.870717e-01
770 4.594015e-01 1.089281e-01 1.149941e-01 1.813827e-01
780 4.653319e-01 1.099770e-01 1.020617e-01 1.775220e-01
790 4.712623e-01 1.100106e-01 8.950711e-02 1.752670e-01
800 4.771927e-01 1.087012e-01 7.801866e-02 1.744735e-01
810 4.831231e-01 1.058130e-01 6.854279e-02 1.750301e-01
820 4.890535e-01 1.012714e-01 6.200709e-02 1.768044e-01
830 4.949838e-01 9.519967e-02 5.889448e-02 1.796068e-01
840 5.009142e-01 8.792051e-02 5.890077e-02 1.831833e-01
850 5.068446e-01 7.992529e-02 6.107406e-02 1.872255e-01
860 5.127750e-01 7.181264e-02 6.432390e-02 1.913880e-01
870 5.187054e-01 6.419825e-02 6.779557e-02 1.953040e-01
880 5.246358e-01 5.759973e-02 7.095315e-02 1.985975e-01
890 5.305662e-01 5.231982e-02 7.351770e-02 2.008972e-01
900 5.364966e-01 4.838397e-02 7.538274e-02 2.018537e-01
910 5.424270e-01 4.558970e-02 7.654567e-02 2.011606e-01
920 5.483574e-01 4.365409e-02 7.705712e-02 1.985780e-01
930 5.542878e-01 4.236288e-02 7.698395e-02 1.939528e-01
940 5.602181e-01 4.163180e-02 7.638329e-02 1.872342e-01
950 5.661485e-01 4.146863e-02 7.528772e-02 1.784804e-01
960 5.720789e-01 4.188654e-02 7.370155e-02 1.678583e-01
970 5.780093e-01 4.283323e-02 7.160697e-02 1.556371e-01
980 5.839397e-01 4.417563e-02 6.897562e-02 1.421788e-01
990 5.898701e-01 4.573069e-02 6.578228e-02 1.279329e-01
1000 5.958005e-01 4.730946e-02 6.201698e-02 1.134384e-01
1010 6.017309e-01 4.874526e-02 5.769295e-02 9.934126e-02
1020 6.076613e-01 4.990192e-02 5.285085e-02 8.642710e-02
1030 6.135917e-01 5.066965e-02 4.756121e-02 7.564560e-02
1040 6.195221e-01 5.095844e-02 4.192696e-02 6.803911e-02
1050 6.254525e-01 5.069548e-02 3.609065e-02 6.442573e-02
1060 6.313828e-01 4.982763e-02 3.025268e-02 6.488963e-02
1070 6.373132e-01 4.832809e-02 2.471368e-02 6.860640e-02
1080 6.432436e-01 4.620333e-02 1.996190e-02 7.429210e-02
1090 6.491740e-01 4.349752e-02 1.677715e-02 8.074882e-02
1100 6.551044e-01 4.029326e-02 1.601591e-02 8.708476e-02
1110 6.610348e-01 3.670913e-02 1.773119e-02 9.269992e-02
1120 6.669652e-01 3.289529e-02 2.099822e-02 9.721150e-02
1130 6.728956e-01 2.902905e-02 2.486458e-02 1.003898e-01
1140 6.788260e-01 2.531215e-02 2.874871e-02 1.021151e-01
1150 6.847564e-01 2.196889e-02 3.233343e-02 1.023495e-01
1160 6.906868e-01 1.923778e-02 3.544265e-02 1.011192e-01
1170 6.966171e-01 1.733724e-02 3.797717e-02 9.850116e-02
1180 7.025475e-01 1.638786e-02 3.988414e-02 9.461361e-02
1190 7.084779e-01 1.633059e-02 4.114161e-02 8.960876e-02
1200 7.144083e-01 1.693815e-02 4.174966e-02 8.366677e-02
1210 7.203387e-01 1.792512e-02 4.172490e-02 7.699142e-02
1220 7.262691e-01 1.904715e-02 4.109671e-02 6.980765e-02
1230 7.321995e-01 2.013315e-02 3.990461e-02 6.236143e-02
1240 7.381299e-01 2.107620e-02 3.819658e-02 5.492314e-02
1250 7.440603e-01 2.181487e-02 3.602818e-02 4.779515e-02
1260 7.499907e-01 2.231755e-02 3.346241e-02 4.132227e-02
1270 7.559211e-01 2.257192e-02 3.057029e-02 3.589506e-02
1280 7.618514e-01 2.257829e-02 2.743258e-02 3.191468e-02
1290 7.677818e-01 2.234552e-02 2.414324e-02 2.967210e-02
1300 7.737122e-01 2.188855e-02 2.081636e-02 2.916559e-02
1310 7.796426e-01 2.122676e-02 1.759958e-02 3.003805e-02
1320 7.855730e-01 2.038300e-02 1.469848e-02 3.174478e-02
1330 7.915034e-01 1.938284e-02 1.240788e-02 3.377449e-02
1340 7.974338e-01 1.825407e-02 1.109651e-02 3.575065e-02
1350 8.033642e-01 1.702628e-02 1.101656e-02 3.743096e-02
1360 8.092946e-01 1.573063e-02 1.203707e-02 3.867442e-02
1370 8.152250e-01 1.439970e-02 1.374054e-02 3.941013e-02
1380 8.211554e-01 1.306744e-02 1.573130e-02 3.961499e-02
1390 8.270858e-01 1.176930e-02 1.774805e-02 3.929875e-02
1400 8.330161e-01 1.054229e-02 1.963545e-02 3.849407e-02
1410 8.389465e-01 9.424862e-03 2.130188e-02 3.724971e-02
1420 8.448769e-01 8.455809e-03 2.269281e-02 3.562562e-02
1430 8.508073e-01 7.671065e-03 2.377644e-02 3.368932e-02
1440 8.567377e-01 7.097259e-03 2.453588e-02 3.151321e-02
1450 8.626681e-01 6.742969e-03 2.496480e-02 2.917247e-02
1460 8.685985e-01 6.592411e-03 2.506489e-02 2.674352e-02
1470 8.745289e-01 6.607429e-03 2.484436e-02 2.430277e-02
1480 8.804593e-01 6.737881e-03 2.431694e-02 2.192568e-02
1490 8.863897e-01 6.933769e-03 2.350141e-02 1.968561e-02
1500 8.923201e-01 7.153052e-03 2.242132e-02 1.765182e-02
1510 8.982504e-01 7.364175e-03 2.110496e-02 1.588587e-02
1520 9.041808e-01 7.545336e-03 1.958564e-02 1.443508e-02
1530 9.101112e-01 7.682580e-03 1.790234e-02 1.332350e-02
1540 9.160416e-01 7.767823e-03 1.610111e-02 1.254323e-02
1550 9.219720e-01 7.797207e-03 1.423766e-02 1.205209e-02
1560 9.279024e-01 7.769842e-03 1.238227e-02 1.178152e-02
1570 9.338328e-01 7.686894e-03 1.062834e-02 1.165211e-02
1580 9.397632e-01 7.550934e-03 9.104610e-03 1.158901e-02
1590 9.456936e-01 7.365504e-03 7.981904e-03 1.153156e-02
1600 9.516240e-01 7.134827e-03 7.439054e-03 1.143655e-02
1610 9.575544e-01 6.863651e-03 7.555342e-03 1.127741e-02
1620 9.634848e-01 6.557183e-03 8.227888e-03 1.104151e-02
1630 9.694151e-01 6.221093e-03 9.246682e-03 1.072726e-02
1640 9.753455e-01 5.861579e-03 1.041622e-02 1.034145e-02
1650 9.812759e-01 5.485480e-03 1.159835e-02 9.897061e-03
1660 9.872063e-01 5.100424e-03 1.270352e-02 9.411351e-03
1670 9.931367e-01 4.715000e-03 1.367421e-02 8.904291e-03
1680 9.990671e-01 4.338938e-03 1.447330e-02 8.396980e-03
1690 1.004997e+00 3.983234e-03 1.507732e-02 7.910001e-03
1700 1.010928e+00 3.660073e-03 1.547255e-02 7.461588e-03
1710 1.016858e+00 3.382311e-03 1.565280e-02 7.065644e-03
1720 1.022789e+00 3.162181e-03 1.561802e-02 6.729894e-03
1730 1.028719e+00 3.009030e-03 1.537341e-02 6.454655e-03
1740 1.034649e+00 2.926580e-03 1.492874e-02 6.232756e-03
1750 1.040580e+00 2.911051e-03 1.429786e-02 6.050808e-03
1760 1.046510e+00 2.951522e-03 1.349832e-02 5.891537e-03
1770 1.052441e+00 3.032506e-03 1.255107e-02 5.736479e-03
1780 1.058371e+00 3.137238e-03 1.148042e-02 5.568370e-03
1790 1.064301e+00 3.250167e-03 1.031423e-02 5.372860e-03
1800 1.070232e+00 3.358226e-03 9.084690e-03 5.139505e-03
1810 1.076162e+00 3.451139e-03 7.830267e-03 4.862229e-03
1820 1.082093e+00 3.521256e-03 6.599878e-03 4.539485e-03
1830 1.088023e+00 3.563225e-03 5.461341e-03 4.174359e-03
1840 1.093953e+00 3.573660e-03 4.515468e-03 3.774864e-03
1850 1.099884e+00 3.550862e-03 3.903866e-03 3.354728e-03
1860 1.105814e+00 3.494605e-03 3.756697e-03 2.935078e-03
1870 1.111745e+00 3.405968e-03 4.064653e-03 2.547362e-03
1880 1.117675e+00 3.287225e-03 4.669983e-03 2.236333e-03
1890 1.123605e+00 3.141771e-03 5.403868e-03 2.056274e-03
1900 1.129536e+00 2.974082e-03 6.153899e-03 2.047700e-03
1910 1.135466e+00 2.789723e-03 6.854563e-03 2.204916e-03
1920 1.141396e+00 2.595389e-03 7.467831e-03 2.479170e-03
1930 1.147327e+00 2.398965e-03 7.971275e-03 2.813057e-03
1940 1.153257e+00 2.209560e-03 8.351961e-03 3.161455e-03
1950 1.159188e+00 2.037369e-03 8.603324e-03 3.493297e-03
1960 1.165118e+00 1.893096e-03 8.723470e-03 3.787683e-03
1970 1.171048e+00 1.786606e-03 8.714178e-03 4.030496e-03
1980 1.176979e+00 1.724718e-03 8.580245e-03 4.212340e-03
1990 1.182909e+00 1.708907e-03 8.329005e-03 4.327381e-03
2000 1.188840e+00 1.734405e-03 7.969958e-03 4.372708e-03
2010 1.194770e+00 1.791566e-03 7.514458e-03 4.347973e-03
2020 1.200700e+00 1.868588e-03 6.975461e-03 4.255187e-03
2030 1.206631e+00 1.953968e-03 6.367357e-03 4.098638e-03
2040 1.212561e+00 2.037872e-03 5.705924e-03 3.884896e-03
2050 1.218492e+00 2.112557e-03 5.008509e-03 3.622973e-03
2060 1.224422e+00 2.172278e-03 4.294673e-03 3.324691e-03
2070 1.230352e+00 2.213023e-03 3.587796e-03 3.005378e-03
2080 1.236283e+00 2.232238e-03 2.918760e-03 2.685040e-03
2090 1.242213e+00 2.228587e-03 2.333715e-03 2.389878e-03
2100 1.248144e+00 2.201768e-03 1.905656e-03 2.152942e-03
2110 1.254074e+00 2.152373e-03 1.726208e-03 2.010176e-03
2120 1.260004e+00 2.081785e-03 1.826516e-03 1.987342e-03
2130 1.265935e+00 1.992103e-03 2.121860e-03 2.083987e-03
2140 1.271865e+00 1.886103e-03 2.500720e-03 2.273011e-03
2150 1.277795e+00 1.767223e-03 2.890737e-03 2.516944e-03
2160 1.283726e+00 1.639586e-03 3.253233e-03 2.782129e-03
2170 1.289656e+00 1.508058e-03 3.567687e-03 3.043127e-03
2180 1.295587e+00 1.378331e-03 3.823023e-03 3.281870e-03
2190 1.301517e+00 1.256969e-03 4.013511e-03 3.485777e-03
2200 1.307447e+00 1.151271e-03 4.136813e-03 3.646258e-03
2210 1.313378e+00 1.068669e-03 4.192979e-03 3.757733e-03
2220 1.319308e+00 1.015346e-03 4.183863e-03 3.817015e-03
2230 1.325239e+00 9.942735e-04 4.112754e-03 3.822923e-03
2240 1.331169e+00 1.003771e-03 3.984105e-03 3.776033e-03
2250 1.337099e+00 1.037873e-03 3.803323e-03 3.678499e-03
2260 1.343030e+00 1.088340e-03 3.576595e-03 3.533946e-03
2270 1.348960e+00 1.146824e-03 3.310741e-03 3.347400e-03
2280 1.354891e+00 1.206156e-03 3.013107e-03 3.125293e-03
2290 1.360821e+00 1.260735e-03 2.691511e-03 2.875556e-03
2300 1.366751e+00 1.306443e-03 2.354276e-03 2.607861e-03
2310 1.372682e+00 1.340411e-03 2.010444e-03 2.334089e-03
2320 1.378612e+00 1.360780e-03 1.670370e-03 2.069055e-03
2330 1.384543e+00 1.366511e-03 1.347155e-03 1.831346e-03
2340 1.390473e+00 1.357237e-03 1.059920e-03 1.643302e-03
2350 1.396403e+00 1.333152e-03 8.398427e-04 1.527696e-03
2360 1.402334e+00 1.294935e-03 7.312387e-04 1.498889e-03
2370 1.408264e+00 1.243686e-03 7.576474e-04 1.553387e-03
2380 1.414194e+00 1.180882e-03 8.820194e-04 1.670818e-03
2390 1.420125e+00 1.108349e-03 1.047506e-03 1.824793e-03
2400 1.426055e+00 1.028254e-03 1.217598e-03 1.992012e-03
2410 1.431986e+00 9.431232e-04 1.373835e-03 2.155097e-03
2420 1.437916e+00 8.558802e-04 1.507061e-03 2.301968e-03
2430 1.443846e+00 7.699292e-04 1.612738e-03 2.424508e-03
2440 1.449777e+00 6.892450e-04 1.688847e-03 2.517453e-03
2450 1.455707e+00 6.183995e-04 1.734927e-03 2.577645e-03
2460 1.461638e+00 5.623088e-04 1.751586e-03 2.603549e-03
2470 1.467568e+00 5.253663e-04 1.740220e-03 2.594936e-03
2480 1.473498e+00 5.098908e-04 1.702831e-03 2.552665e-03
2490 1.479429e+00 5.147647e-04 1.641899e-03 2.478535e-03
2500 1.485359e+00 5.356323e-04 1.560280e-03 2.375168e-03
2510 1.491290e+00 5.666193e-04 1.461118e-03 2.245939e-03
2520 1.497220e+00 6.020914e-04 1.347786e-03 2.094924e-03
2530 1.503150e+00 6.375152e-04 1.223837e-03 1.926913e-03
2540 1.509081e+00 6.695760e-04 1.092993e-03 1.747473e-03
2550 1.515011e+00 6.959902e-04 9.591722e-04 1.563125e-03
2560 1.520942e+00 7.152725e-04 8.266078e-04 1.381654e-03
2570 1.526872e+00 7.265435e-04 7.000824e-04 1.212559e-03
2580 1.532802e+00 7.293895e-04 5.853588e-04 1.067422e-03
2590 1.538733e+00 7.237626e-04 4.897220e-04 9.593681e-04
2600 1.544663e+00 7.099095e-04 4.218992e-04 8.999836e-04
2610 1.550593e+00 6.883191e-04 3.892604e-04 8.934421e-04
2620 1.556524e+00 6.596832e-04 3.917796e-04 9.327203e-04
2630 1.562454e+00 6.248679e-04 4.199942e-04 1.003048e-03
2640 1.568385e+00 5.848926e-04 4.612482e-04 1.088761e-03
2650 1.574315e+00 5.409196e-04 5.055776e-04 1.177289e-03
2660 1.580245e+00 4.942545e-04 5.467710e-04 1.259767e-03
2670 1.586176e+00 4.463621e-04 5.813624e-04 1.330305e-03
2680 1.592106e+00 3.989007e-04 6.076091e-04 1.385157e-03
2690 1.598037e+00 3.537739e-04 6.248381e-04 1.422103e-03
2700 1.603967e+00 3.131773e-04 6.330650e-04 1.440043e-03
2710 1.609897e+00 2.795609e-04 6.327671e-04 1.438728e-03
2720 1.615828e+00 2.553355e-04 6.247399e-04 1.418586e-03
2730 1.621758e+00 2.421565e-04 6.099976e-04 1.380600e-03
2740 1.627689e+00 2.400270e-04 5.896980e-04 1.326215e-03
2750 1.633619e+00 2.470364e-04 5.650809e-04 1.257271e-03
2760 1.639549e+00 2.601322e-04 5.374127e-04 1.175961e-03
2770 1.645480e+00 2.762091e-04 5.079351e-04 1.084799e-03
2780 1.651410e+00 2.927399e-04 4.778141e-04 9.866299e-04
2790 1.657341e+00 3.079025e-04 4.480902e-04 8.846641e-04
2800 1.663271e+00 3.204763e-04 4.196292e-04 7.825835e-04
2810 1.669201e+00 3.296968e-04 3.930792e-04 6.847153e-04
2820 1.675132e+00 3.351352e-04 3.688415e-04 5.962575e-04
2830 1.681062e+00 3.366120e-04 3.470631e-04 5.233658e-04
2840 1.686992e+00 3.341360e-04 3.276597e-04 4.725164e-04
2850 1.692923e+00 3.278619e-04 3.103713e-04 4.483437e-04
2860 1.698853e+00 3.180595e-04 2.948428e-04 4.506173e-04
2870 1.704784e+00 3.050907e-04 2.807143e-04 4.735792e-04
2880 1.710714e+00 2.893923e-04 2.677073e-04 5.088826e-04
2890 1.716644e+00 2.714626e-04 2.556898e-04 5.488678e-04
2900 1.722575e+00 2.518526e-04 2.447149e-04 5.878604e-04
2910 1.728505e+00 2.311611e-04 2.350240e-04 6.220693e-04
2920 1.734436e+00 2.100345e-04 2.270133e-04 6.491116e-04
2930 1.740366e+00 1.891706e-04 2.211574e-04 6.675934e-04
2940 1.746296e+00 1.693246e-04 2.178958e-04 6.768206e-04
2950 1.752227e+00 1.513091e-04 2.175025e-04 6.766100e-04
2960 1.758157e+00 1.359667e-04 2.199818e-04 6.671658e-04
2970 1.764088e+00 1.240803e-04 2.250289e-04 6.489952e-04
2980 1.770018e+00 1.161920e-04 2.320705e-04 6.228482e-04
2990 1.775948e+00 1.123782e-04 2.403582e-04 5.896740e-04
3000 1.781879e+00 1.121416e-04 2.490745e-04 5.505886e-04
3010 1.787809e+00 1.145468e-04 2.574188e-04 5.068545e-04
3020 1.793740e+00 1.185139e-04 2.646647e-04 4.598735e-04
3030 1.799670e+00 1.230673e-04 2.701911e-04 4.111981e-04
3040 1.805600e+00 1.274483e-04 2.734961e-04 3.625667e-04
3050 1.811531e+00 1.311244e-04 2.742012e-04 3.159729e-04
3060 1.817461e+00 1.337547e-04 2.720499e-04 2.737550e-04
3070 1.823391e+00 1.351477e-04 2.669044e-04 2.386325e-04
3080 1.829322e+00 1.352246e-04 2.587414e-04 2.134458e-04
3090 1.835252e+00 1.339913e-04 2.476483e-04 2.002435e-04
3100 1.841183e+00 1.315169e-04 2.338213e-04 1.989430e-04
3110 1.847113e+00 1.279177e-04 2.175663e-04 2.069535e-04
3120 1.853043e+00 1.233445e-04 1.993062e-04 2.204488e-04
3130 1.858974e+00 1.179726e-04 1.795989e-04 2.358948e-04
3140 1.864904e+00 1.119934e-04 1.591759e-04 2.506889e-04
3150 1.870835e+00 1.056070e-04 1.390140e-04 2.631261e-04
3160 1.876765e+00 9.901584e-05 1.204487e-04 2.721750e-04
3170 1.882695e+00 9.241847e-05 1.052900e-04 2.772761e-04
3180 1.888626e+00 8.600303e-05 9.570514e-05 2.782022e-04
3190 1.894556e+00 7.994044e-05 9.340895e-05 2.749665e-04
3200 1.900487e+00 7.437669e-05 9.839179e-05 2.677625e-04
3210 1.906417e+00 6.942444e-05 1.087943e-04 2.569229e-04
3220 1.912347e+00 6.515515e-05 1.221867e-04 2.428911e-04
3230 1.918278e+00 6.159343e-05 1.365651e-04 2.262014e-04
3240 1.924208e+00 5.871628e-05 1.505346e-04 2.074665e-04
3250 1.930139e+00 5.645894e-05 1.631674e-04 1.873731e-04
3260 1.936069e+00 5.472704e-05 1.738479e-04 1.666873e-04
3270 1.941999e+00 5.341233e-05 1.821713e-04 1.462740e-04
3280 1.947930e+00 5.240817e-05 1.878829e-04 1.271268e-04
3290 1.953860e+00 5.162117e-05 1.908433e-04 1.103953e-04
3300 1.959790e+00 5.097773e-05 1.910068e-04 9.733918e-05
3310 1.965721e+00 5.042554e-05 1.884081e-04 8.906787e-05
3320 1.971651e+00 4.993133e-05 1.831521e-04 8.600271e-05
3330 1.977582e+00 4.947618e-05 1.754069e-04 8.745740e-05
3340 1.983512e+00 4.905003e-05 1.653989e-04 9.190524e-05
3350 1.989442e+00 4.864611e-05 1.534094e-04 9.768385e-05
3360 1.995373e+00 4.825632e-05 1.397750e-04 1.034611e-04
3370 2.001303e+00 4.786797e-05 1.248938e-04 1.083262e-04
3380 2.007234e+00 4.746213e-05 1.092430e-04 1.117134e-04
3390 2.013164e+00 4.701363e-05 9.342020e-05 1.133075e-04
3400 2.019094e+00 4.649236e-05 7.822824e-05 1.129703e-04
3410 2.025025e+00 4.586564e-05 6.483420e-05 1.106933e-04
3420 2.030955e+00 4.510101e-05 5.495039e-05 1.065655e-04
3430 2.036886e+00 4.416914e-05 5.057514e-05 1.007534e-04
3440 2.042816e+00 4.304660e-05 5.255391e-05 9.348794e-05
3450 2.048746e+00 4.171820e-05 5.946487e-05 8.505872e-05
3460 2.054677e+00 4.017891e-05 6.895501e-05 7.581546e-05
3470 2.060607e+00 3.843542e-05 7.920499e-05 6.618143e-05
3480 2.066538e+00 3.650742e-05 8.910343e-05 5.668552e-05
3490 2.072468e+00 3.442867e-05 9.799587e-05 4.801960e-05
3500 2.078398e+00 3.224810e-05 1.054893e-04 4.109799e-05
3510 2.084329e+00 3.003075e-05 1.113468e-04 3.697065e-05
3520 2.090259e+00 2.785845e-05 1.154339e-04 3.631077e-05
3530 2.096189e+00 2.582919e-05 1.176901e-04 3.876212e-05
3540 2.102120e+00 2.405309e-05 1.181129e-04 4.315375e-05
3550 2.108050e+00 2.264203e-05 1.167476e-04 4.829199e-05
3560 2.113981e+00 2.169036e-05 1.136805e-04 5.332956e-05
3570 2.119911e+00 2.124952e-05 1.090332e-04 5.773662e-05
3580 2.125841e+00 2.130832e-05 1.029591e-04 6.119451e-05
3590 2.131772e+00 2.179233e-05 9.563952e-05 6.351931e-05
3600 2.137702e+00 2.258413e-05 8.728254e-05 6.461758e-05
3610 2.143633e+00 2.355144e-05 7.812366e-05 6.446134e-05
3620 2.149563e+00 2.456916e-05 6.843139e-05 6.307346e-05
3630 2.155493e+00 2.553089e-05 5.852244e-05 6.051851e-05
3640 2.161424e+00 2.635218e-05 4.879685e-05 5.689703e-05
3650 2.167354e+00 2.696968e-05 3.981357e-05 5.234224e-05
3660 2.173285e+00 2.733884e-05 3.242590e-05 4.701995e-05
3670 2.179215e+00 2.743144e-05 2.786583e-05 4.113368e-05
3680 2.185145e+00 2.723351e-05 2.721108e-05 3.494082e-05
3690 2.191076e+00 2.674366e-05 3.016465e-05 2.879309e-05
3700 2.197006e+00 2.597181e-05 3.523572e-05 2.322816e-05
3710 2.202937e+00 2.493826e-05 4.105967e-05 1.912078e-05
3720 2.208867e+00 2.367318e-05 4.680997e-05 1.761398e-05
3730 2.214797e+00 2.221639e-05 5.202937e-05 1.915247e-05
3740 2.220728e+00 2.061775e-05 5.646128e-05 2.280667e-05
3750 2.226658e+00 1.893801e-05 5.996033e-05 2.735738e-05
3760 2.232588e+00 1.725038e-05 6.244918e-05 3.202226e-05
3770 2.238519e+00 1.564216e-05 6.389686e-05 3.637156e-05
3780 2.244449e+00 1.421477e-05 6.430702e-05 4.016151e-05
3790 2.250380e+00 1.307783e-05 6.371083e-05 4.324672e-05
3800 2.256310e+00 1.233095e-05 6.216228e-05 4.554059e-05
3810 2.262240e+00 1.203220e-05 5.973453e-05 4.699693e-05
3820 2.268171e+00 1.216950e-05 5.651717e-05 4.760074e-05
3830 2.274101e+00 1.266116e-05 5.261395e-05 4.736310e-05
3840 2.280032e+00 1.338740e-05 4.814133e-05 4.631788e-05
3850 2.285962e+00 1.422650e-05 4.322800e-05 4.451963e-05
3860 2.291892e+00 1.507543e-05 3.801644e-05 4.204216e-05
3870 2.297823e+00 1.585521e-05 3.266830e-05 3.897811e-05
3880 2.303753e+00 1.650878e-05 2.737757e-05 3.543998e-05
3890 2.309684e+00 1.699698e-05 2.239975e-05 3.156386e-05
3900 2.315614e+00 1.729485e-05 1.810898e-05 2.751841e-05
3910 2.321544e+00 1.738883e-05 1.506518e-05 2.352326e-05
3920 2.327475e+00 1.727472e-05 1.389692e-05 1.988220e-05
3930 2.333405e+00 1.695618e-05 1.473221e-05 1.702212e-05
3940 2.339336e+00 1.644372e-05 1.693080e-05 1.545797e-05
3950 2.345266e+00 1.575392e-05 1.970704e-05 1.552200e-05
3960 2.351196e+00 1.490895e-05 2.254179e-05 1.702909e-05
3970 2.357127e+00 1.393633e-05 2.514847e-05 1.942569e-05
3980 2.363057e+00 1.286910e-05 2.737184e-05 2.218332e-05
3990 2.368987e+00 1.174631e-05 2.912791e-05 2.494163e-05
4000 2.374918e+00 1.061405e-05 3.037446e-05 2.747677e-05
4010 2.380848e+00 9.526960e-06 3.109649e-05 2.965036e-05
4020 2.386779e+00 8.549132e-06 3.129848e-05 3.137675e-05
4030 2.392709e+00 7.752108e-06 3.099985e-05 3.260513e-05
4040 2.398639e+00 7.204832e-06 3.023199e-05 3.330984e-05
4050 2.404570e+00 6.952358e-06 2.903613e-05 3.348490e-05
4060 2.410500e+00 6.992590e-06 2.746170e-05 3.314065e-05
4070 2.416431e+00 7.272681e-06 2.556511e-05 3.230147e-05
4080 2.422361e+00 7.711190e-06 2.340899e-05 3.100428e-05
4090 2.428291e+00 8.225632e-06 2.106198e-05 2.929744e-05
4100 2.434222e+00 8.747824e-06 1.859962e-05 2.724025e-05
4110 2.440152e+00 9.227112e-06 1.610705e-05 2.490323e-05
4120 2.446083e+00 9.628110e-06 1.368486e-05 2.236963e-05
4130 2.452013e+00 9.927387e-06 1.146004e-05 1.973927e-05
4140 2.457943e+00 1.011065e-05 9.601095e-06 1.713599e-05
4150 2.463874e+00 1.017070e-05 8.319286e-06 1.472027e-05
4160 2.469804e+00 1.010596e-05 7.798256e-06 1.270364e-05
4170 2.475735e+00 9.919476e-06 8.038519e-06 1.134140e-05
4180 2.481665e+00 9.618183e-06 8.817895e-06 1.084818e-05
4190 2.487595e+00 9.212356e-06 9.854992e-06 1.124123e-05
4200 2.493526e+00 8.715243e-06 1.093738e-05 1.230129e-05
4210 2.499456e+00 8.142840e-06 1.193388e-05 1.372478e-05
4220 2.505386e+00 7.513841e-06 1.276908e-05 1.525986e-05
4230 2.511317e+00 6.849810e-06 1.340178e-05 1.673514e-05
4240 2.517247e+00 6.175622e-06 1.381223e-05 1.804126e-05
4250 2.523178e+00 5.520195e-06 1.399501e-05 1.910993e-05
4260 2.529108e+00 4.917248e-06 1.395492e-05 1.990001e-05
4270 2.535038e+00 4.405098e-06 1.370451e-05 2.038921e-05
4280 2.540969e+00 4.023156e-06 1.326243e-05 2.056928e-05
4290 2.546899e+00 3.802224e-06 1.265233e-05 2.044302e-05
4300 2.552830e+00 3.750439e-06 1.190205e-05 2.002233e-05
4310 2.558760e+00 3.845959e-06 1.104310e-05 1.932684e-05
4320 2.564690e+00 4.045454e-06 1.011052e-05 1.838294e-05
4330 2.570621e+00 4.300740e-06 9.142913e-06 1.722310e-05
4340 2.576551e+00 4.570426e-06 8.182972e-06 1.588555e-05
4350 2.582482e+00 4.823492e-06 7.277953e-06 1.441451e-05
4360 2.588412e+00 5.038421e-06 6.479411e-06 1.286109e-05
4370 2.594342e+00 5.201171e-06 5.839847e-06 1.128568e-05
4380 2.600273e+00 5.303330e-06 5.403015e-06 9.762208e-06
4390 2.606203e+00 5.340740e-06 5.187778e-06 8.384819e-06
4400 2.612133e+00 5.312537e-06 5.175424e-06 7.273099e-06
4410 2.618064e+00 5.220471e-06 5.314254e-06 6.560379e-06
4420 2.623994e+00 5.068423e-06 5.539343e-06 6.339092e-06
4430 2.629925e+00 4.862051e-06 5.791192e-06 6.586017e-06
4440 2.635855e+00 4.608532e-06 6.024152e-06 7.165607e-06
4450 2.641785e+00 4.316386e-06 6.207027e-06 7.914448e-06
4460 2.647716e+00 3.995381e-06 6.320662e-06 8.702208e-06
4470 2.653646e+00 3.656534e-06 6.355232e-06 9.441203e-06
4480 2.659577e+00 3.312206e-06 6.308053e-06 1.007609e-05
4490 2.665507e+00 2.976296e-06 6.182000e-06 1.057317e-05
4500 2.671437e+00 2.664397e-06 5.984392e-06 1.091322e-05
4510 2.677368e+00 2.393572e-06 5.726214e-06 1.108715e-05
4520 2.683298e+00 2.180988e-06 5.421559e-06 1.109344e-05
4530 2.689229e+00 2.040452e-06 5.087206e-06 1.093643e-05
4540 2.695159e+00 1.977241e-06 4.742215e-06 1.062522e-05
4550 2.701089e+00 1.984529e-06 4.407342e-06 1.017291e-05
4560 2.707020e+00 2.045191e-06 4.103952e-06 9.595990e-06
4570 2.712950e+00 2.137910e-06 3.852028e-06 8.914005e-06
4580 2.718881e+00 2.242840e-06 3.667059e-06 8.149352e-06
4590 2.724811e+00 2.344286e-06 3.556444e-06 7.327443e-06
4600 2.730741e+00 2.431017e-06 3.517100e-06 6.477350e-06
4610 2.736672e+00 2.495610e-06 3.536049e-06 5.633230e-06
4620 2.742602e+00 2.533618e-06 3.593935e-06 4.836904e-06
4630 2.748532e+00 2.542884e-06 3.669546e-06 4.141285e-06
4640 2.754463e+00 2.523013e-06 3.743360e-06 3.611270e-06
4650 2.760393e+00 2.474991e-06 3.799416e-06 3.311195e-06
4660 2.766324e+00 2.400911e-06 3.825873e-06 3.269279e-06
4670 2.772254e+00 2.303758e-06 3.814874e-06 3.447873e-06
4680 2.778184e+00 2.187260e-06 3.762130e-06 3.764963e-06
4690 2.784115e+00 2.055768e-06 3.666484e-06 4.139328e-06
4700 2.790045e+00 1.914170e-06 3.529528e-06 4.511639e-06
4710 2.795976e+00 1.767829e-06 3.355332e-06 4.843699e-06
4720 2.801906e+00 1.622517e-06 3.150273e-06 5.112231e-06
4730 2.807836e+00 1.484318e-06 2.923006e-06 5.303822e-06
4740 2.813767e+00 1.359411e-06 2.684554e-06 5.411714e-06
4750 2.819697e+00 1.253617e-06 2.448481e-06 5.433876e-06
4760 2.825628e+00 1.171615e-06 2.230933e-06 5.371821e-06
4770 2.831558e+00 1.115899e-06 2.049971e-06 5.229835e-06
4780 2.837488e+00 1.085914e-06 1.923183e-06 5.014449e-06
4790 2.843419e+00 1.077969e-06 1.862930e-06 4.734065e-06
4800 2.849349e+00 1.086151e-06 1.871031e-06 4.398698e-06
4810 2.855280e+00 1.103759e-06 1.937255e-06 4.019838e-06
4820 2.861210e+00 1.124542e-06 2.043438e-06 3.610477e-06
4830 2.867140e+00 1.143387e-06 2.169647e-06 3.185383e-06
4840 2.873071e+00 1.156532e-06 2.298326e-06 2.761778e-06
4850 2.879001e+00 1.161492e-06 2.415717e-06 2.360623e-06
4860 2.884931e+00 1.156892e-06 2.511761e-06 2.008448e-06
4870 2.890862e+00 1.142267e-06 2.579507e-06 1.738159e-06
4880 2.896792e+00 1.117900e-06 2.614514e-06 1.583106e-06
4890 2.902723e+00 1.084672e-06 2.614381e-06 1.558491e-06
4900 2.908653e+00 1.043947e-06 2.578398e-06 1.644825e-06
4910 2.914583e+00 9.974689e-07 2.507295e-06 1.799273e-06
4920 2.920514e+00 9.472659e-07 2.403062e-06 1.980023e-06
4930 2.926444e+00 8.955578e-07 2.268830e-06 2.157160e-06
4940 2.932375e+00 8.446435e-07 2.108813e-06 2.311836e-06
4950 2.938305e+00 7.967616e-07 1.928330e-06 2.432837e-06
4960 2.944235e+00 7.539126e-07 1.733946e-06 2.513928e-06
4970 2.950166e+00 7.176467e-07 1.533815e-06 2.552210e-06
4980 2.956096e+00 6.888532e-07 1.338314e-06 2.547153e-06
4990 2.962027e+00 6.676140e-07 1.160985e-06 2.500001e-06
5000 2.967957e+00 6.531905e-07 1.019187e-06 2.413394e-06
5010 2.973887e+00 6.441710e-07 9.321186e-07 2.291109e-06
5020 2.979818e+00 6.387352e-07 9.127801e-07 2.137883e-06
5030 2.985748e+00 6.349526e-07 9.578906e-07 1.959315e-06
5040 2.991679e+00 6.310318e-07 1.049001e-06 1.761849e-06
5050 2.997609e+00 6.254874e-07 1.163949e-06 1.552902e-06
5060 3.003539e+00 6.172231e-07 1.284819e-06 1.341221e-06
5070 3.009470e+00 6.055559e-07 1.399231e-06 1.137637e-06
5080 3.015400e+00 5.902043e-07 1.499067e-06 9.563319e-07
5090 3.021330e+00 5.712584e-07 1.579122e-06 8.159763e-07
5100 3.027261e+00 5.491436e-07 1.636185e-06 7.371618e-07
5110 3.033191e+00 5.245819e-07 1.668481e-06 7.306269e-07
5120 3.039122e+00 4.985501e-07 1.675339e-06 7.852104e-07
5130 3.045052e+00 4.722309e-07 1.656974e-06 8.755160e-07
5140 3.050982e+00 4.469451e-07 1.614346e-06 9.780020e-07
5150 3.056913e+00 4.240526e-07 1.549062e-06 1.076761e-06
5160 3.062843e+00 4.048095e-07 1.463300e-06 1.162160e-06
5170 3.068774e+00 3.901853e-07 1.359768e-06 1.228588e-06
5180 3.074704e+00 3.806779e-07 1.241690e-06 1.272960e-06
5190 3.080634e+00 3.761922e-07 1.112853e-06 1.293859e-06
5200 3.086565e+00 3.760458e-07 9.777546e-07 1.291062e-06
5210 3.092495e+00 3.791103e-07 8.419324e-07 1.265254e-06
5220 3.098426e+00 3.840259e-07 7.126151e-07 1.217852e-06
5230 3.104356e+00 3.894122e-07 5.997874e-07 1.150882e-06
5240 3.110286e+00 3.940202e-07 5.170006e-07 1.066903e-06
5250 3.116217e+00 3.968179e-07 4.786554e-07 9.689742e-07
5260 3.122147e+00 3.970233e-07 4.901922e-07 8.606811e-07
5270 3.128078e+00 3.941059e-07 5.412705e-07 7.462790e-07
5280 3.134008e+00 3.877740e-07 6.141622e-07 6.310521e-07
5290 3.139938e+00 3.779553e-07 6.940775e-07 5.221010e-07
5300 3.145869e+00 3.647791e-07 7.714070e-07 4.297490e-07
5310 3.151799e+00 3.485602e-07 8.403116e-07 3.685543e-07
5320 3.157729e+00 3.297879e-07 8.972721e-07 3.524403e-07
5330 3.163660e+00 3.091202e-07 9.402099e-07 3.811876e-07
5340 3.169590e+00 2.873819e-07 9.680063e-07 4.387230e-07
5350 3.175521e+00 2.655651e-07 9.802367e-07 5.076735e-07
5360 3.181451e+00 2.448207e-07 9.770140e-07 5.765808e-07
5370 3.187381e+00 2.264188e-07 9.588897e-07 6.388385e-07
5380 3.193312e+00 2.116384e-07 9.267844e-07 6.906651e-07
5390 3.199242e+00 2.015521e-07 8.819374e-07 7.298993e-07
5400 3.205173e+00 1.967336e-07 8.258703e-07 7.553922e-07
5410 3.211103e+00 1.970291e-07 7.603643e-07 7.666981e-07
5420 3.217033e+00 2.015719e-07 6.874596e-07 7.639066e-07
5430 3.222964e+00 2.090470e-07 6.094906e-07 7.475416e-07
5440 3.228894e+00 2.180303e-07 5.291887e-07 7.184958e-07
5450 3.234825e+00 2.272303e-07 4.499106e-07 6.779857e-07
5460 3.240755e+00 2.355958e-07 3.760879e-07 6.275245e-07
5470 3.246685e+00 2.423323e-07 3.139312e-07 5.689179e-07
5480 3.252616e+00 2.468784e-07 2.717389e-07 5.042983e-07
5490 3.258546e+00 2.488722e-07 2.572344e-07 4.362341e-07
5500 3.264477e+00 2.481198e-07 2.708550e-07 3.679902e-07
5510 3.270407e+00 2.445703e-07 3.040850e-07 3.040826e-07
5520 3.276337e+00 2.382959e-07 3.464618e-07 2.512259e-07
5530 3.282268e+00 2.294773e-07 3.903993e-07 2.187691e-07
5540 3.288198e+00 2.183934e-07 4.312907e-07 2.146929e-07
5550 3.294128e+00 2.054159e-07 4.664425e-07 2.371433e-07
5560 3.300059e+00 1.910074e-07 4.942966e-07 2.755920e-07
5570 3.305989e+00 1.757260e-07 5.139994e-07 3.199611e-07
5580 3.311920e+00 1.602346e-07 5.251724e-07 3.638594e-07
5590 3.317850e+00 1.453122e-07 5.277839e-07 4.036035e-07
5600 3.323780e+00 1.318534e-07 5.220728e-07 4.370500e-07
5610 3.329711e+00 1.208249e-07 5.084985e-07 4.629431e-07
5620 3.335641e+00 1.131255e-07 4.877051e-07 4.805895e-07
5630 3.341572e+00 1.093304e-07 4.604956e-07 4.896936e-07
5640 3.347502e+00 1.094298e-07 4.278137e-07 4.902673e-07
5650 3.353432e+00 1.127846e-07 3.907351e-07 4.825759e-07
5660 3.359363e+00 1.183651e-07 3.504741e-07 4.671019e-07
5670 3.365293e+00 1.250762e-07 3.084131e-07 4.445201e-07
5680 3.371224e+00 1.319688e-07 2.661778e-07 4.156815e-07
5690 3.377154e+00 1.383082e-07 2.257855e-07 3.816072e-07
5700 3.383084e+00 1.435648e-07 1.898927e-07 3.434991e-07
5710 3.389015e+00 1.473791e-07 1.620238e-07 3.027809e-07
5720 3.394945e+00 1.495276e-07 1.461257e-07 2.611953e-07
5730 3.400876e+00 1.498950e-07 1.443855e-07 2.210054e-07
5740 3.406806e+00 1.484545e-07 1.548500e-07 1.853452e-07
5750 3.412736e+00 1.452527e-07 1.727103e-07 1.585662e-07
5760 3.418667e+00 1.403991e-07 1.933957e-07 1.455670e-07
5770 3.424597e+00 1.340587e-07 2.137824e-07 1.486210e-07
5780 3.430527e+00 1.264468e-07 2.319697e-07 1.646749e-07
5790 3.436458e+00 1.178268e-07 2.468435e-07 1.879415e-07
5800 3.442388e+00 1.085111e-07 2.577793e-07 2.135408e-07
5810 3.448319e+00 9.886528e-08 2.644721e-07 2.383261e-07
5820 3.454249e+00 8.931588e-08 2.668408e-07 2.604010e-07
5830 3.460179e+00 8.035811e-08 2.649720e-07 2.786276e-07
5840 3.466110e+00 7.255224e-08 2.590846e-07 2.923353e-07
5850 3.472040e+00 6.648126e-08 2.495058e-07 3.011643e-07
5860 3.477971e+00 6.263488e-08 2.366548e-07 3.049808e-07
5870 3.483901e+00 6.122899e-08 2.210307e-07 3.038272e-07
5880 3.489831e+00 6.207491e-08 2.032077e-07 2.978918e-07
5890 3.495762e+00 6.463562e-08 1.838365e-07 2.874869e-07
5900 3.501692e+00 6.822919e-08 1.636569e-07 2.730344e-07
5910 3.507623e+00 7.221615e-08 1.435273e-07 2.550555e-07
5920 3.513553e+00 7.608540e-08 1.244743e-07 2.341671e-07
5930 3.519483e+00 7.946447e-08 1.077515e-07 2.110875e-07
5940 3.525414e+00 8.209831e-08 9.483043e-08 1.866579e-07
5950 3.531344e+00 8.382496e-08 8.712086e-08 1.618933e-07
5960 3.537275e+00 8.455444e-08 8.527165e-08 1.380813e-07
5970 3.543205e+00 8.425373e-08 8.856952e-08 1.169432e-07
5980 3.549135e+00 8.293569e-08 9.528001e-08 1.007668e-07
5990 3.555066e+00 8.065118e-08 1.035508e-07 9.206401e-08
6000 3.560996e+00 7.748341e-08 1.119427e-07 9.213387e-08
6010 3.566926e+00 7.354373e-08 1.194889e-07 9.967702e-08
6020 3.572857e+00 6.896925e-08 1.255850e-07 1.117281e-07
6030 3.578787e+00 6.392161e-08 1.298786e-07 1.255130e-07
6040 3.584718e+00 5.858755e-08 1.321921e-07 1.391230e-07
6050 3.590648e+00 5.318117e-08 1.324736e-07 1.513714e-07
6060 3.596578e+00 4.794737e-08 1.307671e-07 1.615389e-07
6070 3.602509e+00 4.316308e-08 1.271919e-07 1.692012e-07
6080 3.608439e+00 3.912817e-08 1.219296e-07 1.741297e-07
6090 3.614370e+00 3.613055e-08 1.152156e-07 1.762359e-07
6100 3.620300e+00 3.437387e-08 1.073333e-07 1.755385e-07
6110 3.626230e+00 3.388985e-08 9.861349e-08 1.721423e-07
6120 3.632161e+00 3.450427e-08 8.943638e-08 1.662247e-07
6130 3.638091e+00 3.589786e-08 8.023938e-08 1.580250e-07
6140 3.644022e+00 3.771380e-08 7.152639e-08 1.478379e-07
6150 3.649952e+00 3.963704e-08 6.386874e-08 1.360098e-07
6160 3.655882e+00 4.142405e-08 5.786843e-08 1.229397e-07
6170 3.661813e+00 4.290190e-08 5.403875e-08 1.090884e-07
6180 3.667743e+00 4.395651e-08 5.260120e-08 9.500070e-08
6190 3.673674e+00 4.451970e-08 5.333461e-08 8.134986e-08
6200 3.679604e+00 4.455953e-08 5.564855e-08 6.901244e-08
6210 3.685534e+00 4.407250e-08 5.882591e-08 5.914231e-08
6220 3.691465e+00 4.307812e-08 6.222594e-08 5.306869e-08
6230 3.697395e+00 4.161499e-08 6.536194e-08 5.168624e-08
6240 3.703325e+00 3.973782e-08 6.789784e-08 5.462717e-08
6250 3.709256e+00 3.751544e-08 6.961926e-08 6.042721e-08
6260 3.715186e+00 3.502940e-08 7.040494e-08 6.750427e-08
6270 3.721117e+00 3.237341e-08 7.020495e-08 7.469750e-08
6280 3.727047e+00 2.965324e-08 6.902544e-08 8.126980e-08
6290 3.732977e+00 2.698703e-08 6.691811e-08 8.677402e-08
6300 3.738908e+00 2.450436e-08 6.397313e-08 9.094747e-08
6310 3.744838e+00 2.234170e-08 6.031461e-08 9.364840e-08
6320 3.750769e+00 2.062928e-08 5.609841e-08 9.481976e-08
6330 3.756699e+00 1.946585e-08 5.151224e-08 9.446777e-08
6340 3.762629e+00 1.888654e-08 4.677824e-08 9.264856e-08
6350 3.768560e+00 1.884294e-08 4.215710e-08 8.945917e-08
6360 3.774490e+00 1.921476e-08 3.794985e-08 8.503118e-08
6370 3.780421e+00 1.984728e-08 3.448568e-08 7.952630e-08
6380 3.786351e+00 2.058874e-08 3.207517e-08 7.313383e-08
6390 3.792281e+00 2.131265e-08 3.091658e-08 6.607062e-08
6400 3.798212e+00 2.192392e-08 3.099709e-08 5.858518e-08
6410 3.804142e+00 2.235681e-08 3.208048e-08 5.096865e-08
6420 3.810073e+00 2.257046e-08 3.380470e-08 4.357755e-08
6430 3.816003e+00 2.254399e-08 3.580255e-08 3.687241e-08
6440 3.821933e+00 2.227259e-08 3.777011e-08 3.145917e-08
6450 3.827864e+00 2.176453e-08 3.948250e-08 2.804489e-08
6460 3.833794e+00 2.103881e-08 4.078504e-08 2.712671e-08
6470 3.839724e+00 2.012344e-08 4.157917e-08 2.853568e-08
6480 3.845655e+00 1.905411e-08 4.181018e-08 3.149375e-08
6490 3.851585e+00 1.787337e-08 4.145815e-08 3.514260e-08
6500 3.857516e+00 1.662974e-08 4.053142e-08 3.885079e-08
6510 3.863446e+00 1.537712e-08 3.906215e-08 4.221976e-08
6520 3.869376e+00 1.417364e-08 3.710328e-08 4.501040e-08
6530 3.875307e+00 1.307940e-08 3.472674e-08 4.708459e-08
6540 3.881237e+00 1.215193e-08 3.202304e-08 4.837005e-08
6550 3.887168e+00 1.143845e-08 2.910259e-08 4.884038e-08
6560 3.893098e+00 1.096562e-08 2.609919e-08 4.850325e-08
6570 3.899028e+00 1.073110e-08 2.317601e-08 4.739307e-08
6580 3.904959e+00 1.070234e-08 2.053220e-08 4.556605e-08
6590 3.910889e+00 1.082487e-08 1.840072e-08 4.309678e-08
6600 3.916820e+00 1.103526e-08 1.701510e-08 4.007585e-08
6610 3.922750e+00 1.127314e-08 1.652470e-08 3.660877e-08
6620 3.928680e+00 1.148788e-08 1.690093e-08 3.281632e-08
6630 3.934611e+00 1.164114e-08 1.793858e-08 2.883779e-08
6640 3.940541e+00 1.170647e-08 1.935959e-08 2.483883e-08
6650 3.946472e+00 1.166812e-08 2.091084e-08 2.102736e-08
6660 3.952402e+00 1.151939e-08 2.240049e-08 1.767933e-08
6670 3.958332e+00 1.126118e-08 2.369517e-08 1.515814e-08
6680 3.964263e+00 1.090082e-08 2.470671e-08 1.384959e-08
6690 3.970193e+00 1.045118e-08 2.538026e-08 1.391705e-08
6700 3.976123e+00 9.929757e-09 2.568580e-08 1.510131e-08
6710 3.982054e+00 9.358208e-09 2.561258e-08 1.691236e-08
6720 3.987984e+00 8.761750e-09 2.516536e-08 1.892175e-08
6730 3.993915e+00 8.168470e-09 2.436188e-08 2.084631e-08
6740 3.999845e+00 7.608302e-09 2.323112e-08 2.251541e-08
6750 4.005775e+00 7.111150e-09 2.181215e-08 2.382946e-08
6760 4.011706e+00 6.703822e-09 2.015365e-08 2.473334e-08
6770 4.017636e+00 6.405666e-09 1.831424e-08 2.520156e-08
6780 4.023567e+00 6.224103e-09 1.636410e-08 2.522982e-08
6790 4.029497e+00 6.152163e-09 1.438865e-08 2.483004e-08
6800 4.035427e+00 6.169929e-09 1.249508e-08 2.402715e-08
6810 4.041358e+00 6.249036e-09 1.082107e-08 2.285698e-08
6820 4.047288e+00 6.358867e-09 9.537180e-09 2.136469e-08
6830 4.053219e+00 6.470899e-09 8.816504e-09 1.960400e-08
6840 4.059149e+00 6.561493e-09 8.747073e-09 1.763712e-08
6850 4.065079e+00 6.612802e-09 9.253147e-09 1.553611e-08
6860 4.071010e+00 6.612476e-09 1.013877e-08 1.338671e-08
6870 4.076940e+00 6.553482e-09 1.119819e-08 1.129676e-08
6880 4.082871e+00 6.433217e-09 1.227428e-08 9.411804e-09
6890 4.088801e+00 6.252983e-09 1.326145e-08 7.934077e-09
6900 4.094731e+00 6.017599e-09 1.409201e-08 7.105703e-09
6910 4.100662e+00 5.734858e-09 1.472398e-08 7.072716e-09
6920 4.106592e+00 5.415351e-09 1.513311e-08 7.719733e-09
6930 4.112522e+00 5.072231e-09 1.530807e-08 8.758360e-09
6940 4.118453e+00 4.720969e-09 1.524746e-08 9.928500e-09
6950 4.124383e+00 4.379103e-09 1.495788e-08 1.106113e-08
6960 4.130314e+00 4.065582e-09 1.445267e-08 1.205637e-08
6970 4.136244e+00 3.799383e-09 1.375096e-08 1.285633e-08
6980 4.142174e+00 3.597022e-09 1.287711e-08 1.342854e-08
6990 4.148105e+00 3.469063e-09 1.186036e-08 1.375713e-08
7000 4.154035e+00 3.416937e-09 1.073505e-08 1.383804e-08
7010 4.159966e+00 3.431997e-09 9.541430e-09 1.367628e-08
7020 4.165896e+00 3.497771e-09 8.327822e-09 1.328417e-08
7030 4.171826e+00 3.594111e-09 7.154702e-09 1.268019e-08
7040 4.177757e+00 3.701157e-09 6.101216e-09 1.188820e-08
7050 4.183687e+00 3.801741e-09 5.270713e-09 1.093695e-08
7060 4.189618e+00 3.882301e-09 4.778634e-09 9.860091e-09
7070 4.195548e+00 3.932998e-09 4.696520e-09 8.696861e-09
7080 4.201478e+00 3.947348e-09 4.985501e-09 7.494240e-09
7090 4.207409e+00 3.921748e-09 5.517781e-09 6.311768e-09
7100 4.213339e+00 3.855150e-09 6.158605e-09 5.231112e-09
7110 4.219270e+00 3.748644e-09 6.808830e-09 4.369778e-09
7120 4.225200e+00 3.605193e-09 7.404659e-09 3.877651e-09
7130 4.231130e+00 3.429489e-09 7.906711e-09 3.857410e-09
7140 4.237061e+00 3.227791e-09 8.291351e-09 4.249090e-09
7150 4.242991e+00 3.007879e-09 8.545412e-09 4.878247e-09
7160 4.248921e+00 2.779037e-09 8.663144e-09 5.588006e-09
7170 4.254852e+00 2.552078e-09 8.644412e-09 6.278569e-09
7180 4.260782e+00 2.339265e-09 8.493548e-09 6.891790e-09
7190 4.266713e+00 2.153794e-09 8.218596e-09 7.393952e-09
7200 4.272643e+00 2.008545e-09 7.830771e-09 7.765823e-09
7210 4.278573e+00 1.913616e-09 7.344082e-09 7.997531e-09
7220 4.284504e+00 1.873057e-09 6.775134e-09 8.085863e-09
7230 4.290434e+00 1.883044e-09 6.143139e-09 8.032738e-09
7240 4.296365e+00 1.932842e-09 5.470291e-09 7.844274e-09
7250 4.302295e+00 2.008176e-09 4.782743e-09 7.530139e-09
7260 4.308225e+00 2.094505e-09 4.112591e-09 7.103130e-09
7263 4.310004e+00 2.120623e-09 3.920807e-09 6.955282e-09
