TITLE = "Cavity Iterative Residual History"
variables="Iteration""Time(s)""Res1""Res2""Res3"
1 1.525879e-04 5.623962e-01 1.961084e+02 2.542327e-01
10 1.525879e-03 3.989013e+00 3.339684e+01 3.010355e+00
20 3.051758e-03 3.924920e+00 1.867641e+01 3.704748e+00
30 4.577637e-03 3.582924e+00 1.301067e+01 3.341615e+00
40 6.103516e-03 3.309754e+00 9.912148e+00 3.226256e+00
50 7.629395e-03 3.115141e+00 7.903207e+00 3.257102e+00
60 9.155273e-03 2.960891e+00 6.462733e+00 3.331611e+00
70 1.068115e-02 2.829030e+00 5.358052e+00 3.405708e+00
80 1.220703e-02 2.708974e+00 4.462763e+00 3.469944e+00
90 1.373291e-02 2.603436e+00 3.705995e+00 3.525172e+00
100 1.525879e-02 2.502012e+00 3.052830e+00 3.572510e+00
110 1.678467e-02 2.404804e+00 2.495018e+00 3.611212e+00
120 1.831055e-02 2.307543e+00 2.049979e+00 3.641011e+00
130 1.983643e-02 2.205817e+00 1.753698e+00 3.662627e+00
140 2.136230e-02 2.099624e+00 1.636615e+00 3.677411e+00
150 2.288818e-02 1.989493e+00 1.688754e+00 3.687930e+00
160 2.441406e-02 1.877270e+00 1.854209e+00 3.695842e+00
170 2.593994e-02 1.768640e+00 2.071765e+00 3.702719e+00
180 2.746582e-02 1.667659e+00 2.300347e+00 3.709798e+00
190 2.899170e-02 1.578555e+00 2.517049e+00 3.716941e+00
200 3.051758e-02 1.504725e+00 2.710852e+00 3.724012e+00
210 3.204346e-02 1.442828e+00 2.877551e+00 3.730469e+00
220 3.356934e-02 1.387287e+00 3.016412e+00 3.735299e+00
230 3.509521e-02 1.329160e+00 3.128817e+00 3.737431e+00
240 3.662109e-02 1.259860e+00 3.217100e+00 3.735645e+00
250 3.814697e-02 1.172388e+00 3.284218e+00 3.728803e+00
260 3.967285e-02 1.064054e+00 3.333324e+00 3.715917e+00
270 4.119873e-02 9.376903e-01 3.367650e+00 3.696203e+00
280 4.272461e-02 8.067251e-01 3.390363e+00 3.669112e+00
290 4.425049e-02 7.031518e-01 3.404451e+00 3.634316e+00
300 4.577637e-02 6.805411e-01 3.412640e+00 3.591667e+00
310 4.730225e-02 7.757535e-01 3.417318e+00 3.541157e+00
320 4.882813e-02 9.622385e-01 3.420479e+00 3.482850e+00
330 5.035400e-02 1.182179e+00 3.423670e+00 3.416820e+00
340 5.187988e-02 1.382956e+00 3.427965e+00 3.343119e+00
350 5.340576e-02 1.523069e+00 3.433936e+00 3.261731e+00
360 5.493164e-02 1.574846e+00 3.441666e+00 3.172552e+00
370 5.645752e-02 1.529854e+00 3.450759e+00 3.075371e+00
380 5.798340e-02 1.403288e+00 3.460376e+00 2.969872e+00
390 5.950928e-02 1.233427e+00 3.469268e+00 2.855655e+00
400 6.103516e-02 1.075513e+00 3.475787e+00 2.732309e+00
410 6.256104e-02 9.856175e-01 3.477892e+00 2.599598e+00
420 6.408691e-02 9.897782e-01 3.473169e+00 2.457782e+00
430 6.561279e-02 1.066734e+00 3.458888e+00 2.308105e+00
440 6.713867e-02 1.175704e+00 3.432131e+00 2.153386e+00
450 6.866455e-02 1.286533e+00 3.390017e+00 1.998547e+00
460 7.019043e-02 1.384386e+00 3.330046e+00 1.850827e+00
470 7.171631e-02 1.464203e+00 3.250532e+00 1.719384e+00
480 7.324219e-02 1.525702e+00 3.151071e+00 1.613974e+00
490 7.476807e-02 1.570472e+00 3.032954e+00 1.542706e+00
500 7.629395e-02 1.600538e+00 2.899393e+00 1.509508e+00
510 7.781982e-02 1.617766e+00 2.755442e+00 1.512727e+00
520 7.934570e-02 1.623654e+00 2.607566e+00 1.545926e+00
530 8.087158e-02 1.619308e+00 2.462861e+00 1.600315e+00
540 8.239746e-02 1.605538e+00 2.328077e+00 1.667195e+00
550 8.392334e-02 1.582960e+00 2.208668e+00 1.739342e+00
560 8.544922e-02 1.552086e+00 2.108117e+00 1.811305e+00
570 8.697510e-02 1.513373e+00 2.027700e+00 1.879126e+00
580 8.850098e-02 1.467269e+00 1.966668e+00 1.939891e+00
590 9.002686e-02 1.414236e+00 1.922732e+00 1.991365e+00
600 9.155273e-02 1.354782e+00 1.892640e+00 2.031789e+00
610 9.307861e-02 1.289499e+00 1.872758e+00 2.059899e+00
620 9.460449e-02 1.219142e+00 1.859615e+00 2.075086e+00
630 9.613037e-02 1.144742e+00 1.850415e+00 2.077630e+00
640 9.765625e-02 1.067797e+00 1.843392e+00 2.068872e+00
650 9.918213e-02 9.905134e-01 1.837907e+00 2.051201e+00
660 1.007080e-01 9.160777e-01 1.834215e+00 2.027820e+00
670 1.022339e-01 8.487915e-01 1.832985e+00 2.002291e+00
680 1.037598e-01 7.938286e-01 1.834761e+00 1.977981e+00
690 1.052856e-01 7.562746e-01 1.839546e+00 1.957530e+00
700 1.068115e-01 7.394208e-01 1.846638e+00 1.942475e+00
710 1.083374e-01 7.430903e-01 1.854723e+00 1.933094e+00
720 1.098633e-01 7.633128e-01 1.862135e+00 1.928485e+00
730 1.113892e-01 7.936673e-01 1.867164e+00 1.926809e+00
740 1.129150e-01 8.273062e-01 1.868312e+00 1.925634e+00
750 1.144409e-01 8.583964e-01 1.864477e+00 1.922272e+00
760 1.159668e-01 8.827248e-01 1.855037e+00 1.914064e+00
770 1.174927e-01 8.977216e-01 1.839847e+00 1.898595e+00
780 1.190186e-01 9.022220e-01 1.819166e+00 1.873832e+00
790 1.205444e-01 8.961709e-01 1.793544e+00 1.838203e+00
800 1.220703e-01 8.803613e-01 1.763660e+00 1.790650e+00
810 1.235962e-01 8.562166e-01 1.730169e+00 1.730660e+00
820 1.251221e-01 8.256175e-01 1.693553e+00 1.658311e+00
830 1.266479e-01 7.907559e-01 1.654025e+00 1.574315e+00
840 1.281738e-01 7.539671e-01 1.611492e+00 1.480075e+00
850 1.296997e-01 7.175389e-01 1.565600e+00 1.377735e+00
860 1.312256e-01 6.834948e-01 1.515851e+00 1.270201e+00
870 1.327515e-01 6.533807e-01 1.461761e+00 1.161120e+00
880 1.342773e-01 6.281026e-01 1.403026e+00 1.054791e+00
890 1.358032e-01 6.078570e-01 1.339662e+00 9.559669e-01
900 1.373291e-01 5.921949e-01 1.272089e+00 8.694800e-01
910 1.388550e-01 5.802255e-01 1.201157e+00 7.996115e-01
920 1.403809e-01 5.708622e-01 1.128115e+00 7.492031e-01
930 1.419067e-01 5.630726e-01 1.054543e+00 7.187815e-01
940 1.434326e-01 5.560441e-01 9.822484e-01 7.062522e-01
950 1.449585e-01 5.492592e-01 9.131529e-01 7.075260e-01
960 1.464844e-01 5.424779e-01 8.491539e-01 7.177565e-01
970 1.480103e-01 5.356547e-01 7.919676e-01 7.324791e-01
980 1.495361e-01 5.288242e-01 7.429544e-01 7.482270e-01
990 1.510620e-01 5.219852e-01 7.029418e-01 7.626624e-01
1000 1.525879e-01 5.150141e-01 6.720877e-01 7.744396e-01
1010 1.541138e-01 5.076314e-01 6.498414e-01 7.829809e-01
1020 1.556396e-01 4.994280e-01 6.350387e-01 7.882532e-01
1030 1.571655e-01 4.899425e-01 6.261177e-01 7.905815e-01
1040 1.586914e-01 4.787674e-01 6.213859e-01 7.905005e-01
1050 1.602173e-01 4.656571e-01 6.192611e-01 7.886421e-01
1060 1.617432e-01 4.506148e-01 6.184359e-01 7.856520e-01
1070 1.632690e-01 4.339446e-01 6.179557e-01 7.821284e-01
1080 1.647949e-01 4.162576e-01 6.172283e-01 7.785811e-01
1090 1.663208e-01 3.984296e-01 6.159874e-01 7.754056e-01
1100 1.678467e-01 3.815067e-01 6.142327e-01 7.728713e-01
1110 1.693726e-01 3.665623e-01 6.121591e-01 7.711208e-01
1120 1.708984e-01 3.545155e-01 6.100838e-01 7.701781e-01
1130 1.724243e-01 3.459483e-01 6.083774e-01 7.699642e-01
1140 1.739502e-01 3.409764e-01 6.074001e-01 7.703177e-01
1150 1.754761e-01 3.392279e-01 6.074499e-01 7.710171e-01
1160 1.770020e-01 3.399388e-01 6.087216e-01 7.718046e-01
1170 1.785278e-01 3.421255e-01 6.112830e-01 7.724076e-01
1180 1.800537e-01 3.447673e-01 6.150652e-01 7.725583e-01
1190 1.815796e-01 3.469472e-01 6.198692e-01 7.720093e-01
1200 1.831055e-01 3.479355e-01 6.253839e-01 7.705452e-01
1210 1.846313e-01 3.472210e-01 6.312131e-01 7.679894e-01
1220 1.861572e-01 3.445091e-01 6.369060e-01 7.642070e-01
1230 1.876831e-01 3.397007e-01 6.419881e-01 7.591050e-01
1240 1.892090e-01 3.328630e-01 6.459907e-01 7.526283e-01
1250 1.907349e-01 3.241982e-01 6.484753e-01 7.447551e-01
1260 1.922607e-01 3.140134e-01 6.490539e-01 7.354918e-01
1270 1.937866e-01 3.026938e-01 6.474055e-01 7.248679e-01
1280 1.953125e-01 2.906761e-01 6.432871e-01 7.129322e-01
1290 1.968384e-01 2.784243e-01 6.365413e-01 6.997504e-01
1300 1.983643e-01 2.664044e-01 6.271007e-01 6.854054e-01
1310 1.998901e-01 2.550588e-01 6.149881e-01 6.699976e-01
1320 2.014160e-01 2.447785e-01 6.003143e-01 6.536473e-01
1330 2.029419e-01 2.358752e-01 5.832723e-01 6.364964e-01
1340 2.044678e-01 2.285565e-01 5.641289e-01 6.187100e-01
1350 2.059937e-01 2.229105e-01 5.432128e-01 6.004766e-01
1360 2.075195e-01 2.189033e-01 5.209012e-01 5.820058e-01
1370 2.090454e-01 2.163940e-01 4.976024e-01 5.635241e-01
1380 2.105713e-01 2.151628e-01 4.737376e-01 5.452675e-01
1390 2.120972e-01 2.149478e-01 4.497215e-01 5.274729e-01
1400 2.136230e-01 2.154794e-01 4.259412e-01 5.103672e-01
1410 2.151489e-01 2.165094e-01 4.027382e-01 4.941560e-01
1420 2.166748e-01 2.178299e-01 3.803916e-01 4.790127e-01
1430 2.182007e-01 2.192826e-01 3.591064e-01 4.650691e-01
1440 2.197266e-01 2.207586e-01 3.390080e-01 4.524091e-01
1450 2.212524e-01 2.221923e-01 3.201434e-01 4.410665e-01
1460 2.227783e-01 2.235517e-01 3.024911e-01 4.310261e-01
1470 2.243042e-01 2.248259e-01 2.859758e-01 4.222300e-01
1480 2.258301e-01 2.260129e-01 2.704884e-01 4.145864e-01
1490 2.273560e-01 2.271083e-01 2.559070e-01 4.079803e-01
1500 2.288818e-01 2.280956e-01 2.421168e-01 4.022847e-01
1510 2.304077e-01 2.289413e-01 2.290251e-01 3.973714e-01
1520 2.319336e-01 2.295916e-01 2.165721e-01 3.931192e-01
1530 2.334595e-01 2.299739e-01 2.047355e-01 3.894202e-01
1540 2.349854e-01 2.300007e-01 1.935290e-01 3.861834e-01
1550 2.365112e-01 2.295758e-01 1.829979e-01 3.833364e-01
1560 2.380371e-01 2.286015e-01 1.732098e-01 3.808247e-01
1570 2.395630e-01 2.269865e-01 1.642443e-01 3.786108e-01
1580 2.410889e-01 2.246526e-01 1.561809e-01 3.766714e-01
1590 2.426147e-01 2.215409e-01 1.490880e-01 3.749950e-01
1600 2.441406e-01 2.176165e-01 1.430126e-01 3.735797e-01
1610 2.456665e-01 2.128724e-01 1.379731e-01 3.724301e-01
1620 2.471924e-01 2.073307e-01 1.339551e-01 3.715556e-01
1630 2.487183e-01 2.010440e-01 1.309121e-01 3.709675e-01
1640 2.502441e-01 1.940944e-01 1.287698e-01 3.706774e-01
1650 2.517700e-01 1.865915e-01 1.274327e-01 3.706951e-01
1660 2.532959e-01 1.786694e-01 1.267928e-01 3.710259e-01
1670 2.548218e-01 1.704826e-01 1.267374e-01 3.716688e-01
1680 2.563477e-01 1.622000e-01 1.271557e-01 3.726146e-01
1690 2.578735e-01 1.539982e-01 1.279433e-01 3.738433e-01
1700 2.593994e-01 1.460530e-01 1.290049e-01 3.753234e-01
1710 2.609253e-01 1.385292e-01 1.302560e-01 3.770101e-01
1720 2.624512e-01 1.315702e-01 1.316230e-01 3.788453e-01
1730 2.639771e-01 1.252871e-01 1.330432e-01 3.807581e-01
1740 2.655029e-01 1.197491e-01 1.344644e-01 3.826655e-01
1750 2.670288e-01 1.149785e-01 1.358444e-01 3.844746e-01
1760 2.685547e-01 1.109499e-01 1.371504e-01 3.860848e-01
1770 2.700806e-01 1.075971e-01 1.383583e-01 3.873908e-01
1780 2.716064e-01 1.048242e-01 1.394516e-01 3.882858e-01
1790 2.731323e-01 1.025210e-01 1.404205e-01 3.886646e-01
1800 2.746582e-01 1.005777e-01 1.412604e-01 3.884270e-01
1810 2.761841e-01 9.889825e-02 1.419704e-01 3.874802e-01
1820 2.777100e-01 9.740871e-02 1.425514e-01 3.857421e-01
1830 2.792358e-01 9.606152e-02 1.430046e-01 3.831431e-01
1840 2.807617e-01 9.483548e-02 1.433299e-01 3.796276e-01
1850 2.822876e-01 9.373234e-02 1.435248e-01 3.751556e-01
1860 2.838135e-01 9.277114e-02 1.435832e-01 3.697033e-01
1870 2.853394e-01 9.198115e-02 1.434951e-01 3.632633e-01
1880 2.868652e-01 9.139467e-02 1.432465e-01 3.558447e-01
1890 2.883911e-01 9.104031e-02 1.428194e-01 3.474727e-01
1900 2.899170e-01 9.093742e-02 1.421931e-01 3.381878e-01
1910 2.914429e-01 9.109295e-02 1.413447e-01 3.280451e-01
1920 2.929688e-01 9.150003e-02 1.402506e-01 3.171133e-01
1930 2.944946e-01 9.213868e-02 1.388873e-01 3.054742e-01
1940 2.960205e-01 9.297796e-02 1.372327e-01 2.932212e-01
1950 2.975464e-01 9.397898e-02 1.352673e-01 2.804594e-01
1960 2.990723e-01 9.509797e-02 1.329749e-01 2.673049e-01
1970 3.005981e-01 9.628922e-02 1.303431e-01 2.538847e-01
1980 3.021240e-01 9.750729e-02 1.273639e-01 2.403374e-01
1990 3.036499e-01 9.870848e-02 1.240342e-01 2.268140e-01
2000 3.051758e-01 9.985166e-02 1.203556e-01 2.134787e-01
2010 3.067017e-01 1.008985e-01 1.163346e-01 2.005106e-01
2020 3.082275e-01 1.018134e-01 1.119825e-01 1.881047e-01
2030 3.097534e-01 1.025636e-01 1.073154e-01 1.764713e-01
2040 3.112793e-01 1.031187e-01 1.023539e-01 1.658341e-01
2050 3.128052e-01 1.034508e-01 9.712319e-02 1.564230e-01
2060 3.143311e-01 1.035346e-01 9.165306e-02 1.484609e-01
2070 3.158569e-01 1.033476e-01 8.597824e-02 1.421428e-01
2080 3.173828e-01 1.028707e-01 8.013886e-02 1.376093e-01
2090 3.189087e-01 1.020883e-01 7.418139e-02 1.349197e-01
2100 3.204346e-01 1.009891e-01 6.816023e-02 1.340348e-01
2110 3.219604e-01 9.956645e-02 6.214017e-02 1.348160e-01
2120 3.234863e-01 9.781867e-02 5.620037e-02 1.370441e-01
2130 3.250122e-01 9.574946e-02 5.044047e-02 1.404496e-01
2140 3.265381e-01 9.336800e-02 4.498958e-02 1.447449e-01
2150 3.280640e-01 9.068902e-02 4.001815e-02 1.496503e-01
2160 3.295898e-01 8.773266e-02 3.574933e-02 1.549109e-01
2170 3.311157e-01 8.452426e-02 3.245728e-02 1.603039e-01
2180 3.326416e-01 8.109407e-02 3.042619e-02 1.656411e-01
2190 3.341675e-01 7.747688e-02 2.985095e-02 1.707665e-01
2200 3.356934e-01 7.371160e-02 3.072712e-02 1.755531e-01
2210 3.372192e-01 6.984089e-02 3.283812e-02 1.798996e-01
2220 3.387451e-01 6.591085e-02 3.585906e-02 1.837260e-01
2230 3.402710e-01 6.197067e-02 3.947258e-02 1.869710e-01
2240 3.417969e-01 5.807247e-02 4.342413e-02 1.895891e-01
2250 3.433228e-01 5.427109e-02 4.752715e-02 1.915482e-01
2260 3.448486e-01 5.062382e-02 5.164933e-02 1.928279e-01
2270 3.463745e-01 4.719000e-02 5.569709e-02 1.934179e-01
2280 3.479004e-01 4.403000e-02 5.960364e-02 1.933169e-01
2290 3.494263e-01 4.120339e-02 6.332067e-02 1.925310e-01
2300 3.509521e-01 3.876566e-02 6.681283e-02 1.910737e-01
2310 3.524780e-01 3.676346e-02 7.005404e-02 1.889643e-01
2320 3.540039e-01 3.522849e-02 7.302500e-02 1.862275e-01
2330 3.555298e-01 3.417162e-02 7.571149e-02 1.828933e-01
2340 3.570557e-01 3.357909e-02 7.810319e-02 1.789957e-01
2350 3.585815e-01 3.341284e-02 8.019280e-02 1.745731e-01
2360 3.601074e-01 3.361536e-02 8.197543e-02 1.696673e-01
2370 3.616333e-01 3.411754e-02 8.344816e-02 1.643237e-01
2380 3.631592e-01 3.484695e-02 8.460971e-02 1.585906e-01
2390 3.646851e-01 3.573449e-02 8.546018e-02 1.525194e-01
2400 3.662109e-01 3.671858e-02 8.600094e-02 1.461642e-01
2410 3.677368e-01 3.774695e-02 8.623453e-02 1.395818e-01
2420 3.692627e-01 3.877683e-02 8.616459e-02 1.328317e-01
2430 3.707886e-01 3.977421e-02 8.579583e-02 1.259762e-01
2440 3.723145e-01 4.071264e-02 8.513410e-02 1.190804e-01
2450 3.738403e-01 4.157205e-02 8.418636e-02 1.122128e-01
2460 3.753662e-01 4.233754e-02 8.296076e-02 1.054450e-01
2470 3.768921e-01 4.299840e-02 8.146667e-02 9.885252e-02
2480 3.784180e-01 4.354729e-02 7.971473e-02 9.251470e-02
2490 3.799438e-01 4.397956e-02 7.771691e-02 8.651454e-02
2500 3.814697e-01 4.429271e-02 7.548658e-02 8.093785e-02
2510 3.829956e-01 4.448597e-02 7.303852e-02 7.587133e-02
2520 3.845215e-01 4.455995e-02 7.038900e-02 7.139876e-02
2530 3.860474e-01 4.451642e-02 6.755588e-02 6.759512e-02
2540 3.875732e-01 4.435805e-02 6.455864e-02 6.451862e-02
2550 3.890991e-01 4.408828e-02 6.141857e-02 6.220169e-02
2560 3.906250e-01 4.371118e-02 5.815891e-02 6.064328e-02
2570 3.921509e-01 4.323138e-02 5.480516e-02 5.980533e-02
2580 3.936768e-01 4.265395e-02 5.138547e-02 5.961529e-02
2590 3.952026e-01 4.198435e-02 4.793122e-02 5.997445e-02
2600 3.967285e-01 4.122839e-02 4.447786e-02 6.076941e-02
2610 3.982544e-01 4.039218e-02 4.106613e-02 6.188364e-02
2620 3.997803e-01 3.948208e-02 3.774365e-02 6.320646e-02
2630 4.013062e-01 3.850467e-02 3.456697e-02 6.463874e-02
2640 4.028320e-01 3.746674e-02 3.160392e-02 6.609549e-02
2650 4.043579e-01 3.637525e-02 2.893541e-02 6.750632e-02
2660 4.058838e-01 3.523729e-02 2.665513e-02 6.881457e-02
2670 4.074097e-01 3.406009e-02 2.486371e-02 6.997588e-02
2680 4.089355e-01 3.285101e-02 2.365410e-02 7.095654e-02
2690 4.104614e-01 3.161749e-02 2.308815e-02 7.173191e-02
2700 4.119873e-01 3.036705e-02 2.317368e-02 7.228500e-02
2710 4.135132e-01 2.910732e-02 2.385726e-02 7.260526e-02
2720 4.150391e-01 2.784596e-02 2.503913e-02 7.268753e-02
2730 4.165649e-01 2.659072e-02 2.660007e-02 7.253118e-02
2740 4.180908e-01 2.534938e-02 2.842454e-02 7.213937e-02
2750 4.196167e-01 2.412979e-02 3.041305e-02 7.151849e-02
2760 4.211426e-01 2.293982e-02 3.248541e-02 7.067758e-02
2770 4.226685e-01 2.178736e-02 3.457904e-02 6.962799e-02
2780 4.241943e-01 2.068028e-02 3.664584e-02 6.838295e-02
2790 4.257202e-01 1.962636e-02 3.864890e-02 6.695729e-02
2800 4.272461e-01 1.863324e-02 4.055987e-02 6.536715e-02
2810 4.287720e-01 1.770821e-02 4.235689e-02 6.362979e-02
2820 4.302979e-01 1.685810e-02 4.402306e-02 6.176334e-02
2830 4.318237e-01 1.608896e-02 4.554534e-02 5.978667e-02
2840 4.333496e-01 1.540583e-02 4.691376e-02 5.771919e-02
2850 4.348755e-01 1.481231e-02 4.812078e-02 5.558076e-02
2860 4.364014e-01 1.431028e-02 4.916088e-02 5.339156e-02
2870 4.379272e-01 1.389962e-02 5.003023e-02 5.117193e-02
2880 4.394531e-01 1.357801e-02 5.072644e-02 4.894233e-02
2890 4.409790e-01 1.334097e-02 5.124839e-02 4.672315e-02
2900 4.425049e-01 1.318203e-02 5.159603e-02 4.453463e-02
2910 4.440308e-01 1.309314e-02 5.177035e-02 4.239668e-02
2920 4.455566e-01 1.306516e-02 5.177322e-02 4.032868e-02
2930 4.470825e-01 1.308834e-02 5.160737e-02 3.834922e-02
2940 4.486084e-01 1.315288e-02 5.127630e-02 3.647575e-02
2950 4.501343e-01 1.324932e-02 5.078428e-02 3.472418e-02
2960 4.516602e-01 1.336884e-02 5.013627e-02 3.310833e-02
2970 4.531860e-01 1.350347e-02 4.933793e-02 3.163934e-02
2980 4.547119e-01 1.364619e-02 4.839560e-02 3.032509e-02
2990 4.562378e-01 1.379094e-02 4.731625e-02 2.916953e-02
3000 4.577637e-01 1.393257e-02 4.610755e-02 2.817232e-02
3010 4.592896e-01 1.406684e-02 4.477778e-02 2.732853e-02
3020 4.608154e-01 1.419026e-02 4.333593e-02 2.662881e-02
3030 4.623413e-01 1.430004e-02 4.179167e-02 2.605981e-02
3040 4.638672e-01 1.439401e-02 4.015540e-02 2.560497e-02
3050 4.653931e-01 1.447050e-02 3.843835e-02 2.524551e-02
3060 4.669189e-01 1.452831e-02 3.665262e-02 2.496149e-02
3070 4.684448e-01 1.456657e-02 3.481134e-02 2.473284e-02
3080 4.699707e-01 1.458474e-02 3.292886e-02 2.454025e-02
3090 4.714966e-01 1.458253e-02 3.102096e-02 2.436584e-02
3100 4.730225e-01 1.455987e-02 2.910522e-02 2.419360e-02
3110 4.745483e-01 1.451682e-02 2.720145e-02 2.400969e-02
3120 4.760742e-01 1.445360e-02 2.533226e-02 2.380252e-02
3130 4.776001e-01 1.437054e-02 2.352372e-02 2.356276e-02
3140 4.791260e-01 1.426805e-02 2.180611e-02 2.328321e-02
3150 4.806519e-01 1.414659e-02 2.021455e-02 2.295871e-02
3160 4.821777e-01 1.400670e-02 1.878907e-02 2.258595e-02
3170 4.837036e-01 1.384896e-02 1.757354e-02 2.216334e-02
3180 4.852295e-01 1.367398e-02 1.661240e-02 2.169078e-02
3190 4.867554e-01 1.348243e-02 1.594466e-02 2.116960e-02
3200 4.882813e-01 1.327501e-02 1.559572e-02 2.060235e-02
3210 4.898071e-01 1.305245e-02 1.556994e-02 1.999273e-02
3220 4.913330e-01 1.281554e-02 1.584794e-02 1.934547e-02
3230 4.928589e-01 1.256512e-02 1.639039e-02 1.866625e-02
3240 4.943848e-01 1.230210e-02 1.714645e-02 1.796164e-02
3250 4.959106e-01 1.202744e-02 1.806250e-02 1.723906e-02
3260 4.974365e-01 1.174218e-02 1.908844e-02 1.650673e-02
3270 4.989624e-01 1.144746e-02 2.018067e-02 1.577363e-02
3280 5.004883e-01 1.114451e-02 2.130291e-02 1.504944e-02
3290 5.020142e-01 1.083467e-02 2.242562e-02 1.434453e-02
3300 5.035400e-01 1.051938e-02 2.352503e-02 1.366976e-02
3310 5.050659e-01 1.020024e-02 2.458208e-02 1.303634e-02
3320 5.065918e-01 9.878951e-03 2.558149e-02 1.245549e-02
3330 5.081177e-01 9.557392e-03 2.651106e-02 1.193795e-02
3340 5.096436e-01 9.237573e-03 2.736101e-02 1.149338e-02
3350 5.111694e-01 8.921659e-03 2.812358e-02 1.112953e-02
3360 5.126953e-01 8.611968e-03 2.879269e-02 1.085152e-02
3370 5.142212e-01 8.310958e-03 2.936366e-02 1.066105e-02
3380 5.157471e-01 8.021206e-03 2.983301e-02 1.055611e-02
3390 5.172729e-01 7.745380e-03 3.019834e-02 1.053097e-02
3400 5.187988e-01 7.486185e-03 3.045817e-02 1.057672e-02
3410 5.203247e-01 7.246302e-03 3.061186e-02 1.068208e-02
3420 5.218506e-01 7.028295e-03 3.065955e-02 1.083443e-02
3430 5.233765e-01 6.834508e-03 3.060208e-02 1.102069e-02
3440 5.249023e-01 6.666938e-03 3.044091e-02 1.122812e-02
3450 5.264282e-01 6.527114e-03 3.017814e-02 1.144479e-02
3460 5.279541e-01 6.415972e-03 2.981642e-02 1.165995e-02
3470 5.294800e-01 6.333763e-03 2.935891e-02 1.186414e-02
3480 5.310059e-01 6.280003e-03 2.880929e-02 1.204919e-02
3490 5.325317e-01 6.253466e-03 2.817169e-02 1.220821e-02
3500 5.340576e-01 6.252238e-03 2.745071e-02 1.233549e-02
3510 5.355835e-01 6.273818e-03 2.665136e-02 1.242638e-02
3520 5.371094e-01 6.315246e-03 2.577908e-02 1.247722e-02
3530 5.386353e-01 6.373258e-03 2.483970e-02 1.248521e-02
3540 5.401611e-01 6.444425e-03 2.383947e-02 1.244835e-02
3550 5.416870e-01 6.525289e-03 2.278507e-02 1.236536e-02
3560 5.432129e-01 6.612469e-03 2.168360e-02 1.223560e-02
3570 5.447388e-01 6.702744e-03 2.054269e-02 1.205906e-02
3580 5.462646e-01 6.793111e-03 1.937051e-02 1.183625e-02
3590 5.477905e-01 6.880819e-03 1.817592e-02 1.156822e-02
3600 5.493164e-01 6.963395e-03 1.696864e-02 1.125651e-02
3610 5.508423e-01 7.038642e-03 1.575944e-02 1.090314e-02
3620 5.523682e-01 7.104646e-03 1.456056e-02 1.051061e-02
3630 5.538940e-01 7.159766e-03 1.338611e-02 1.008190e-02
3640 5.554199e-01 7.202620e-03 1.225276e-02 9.620478e-03
3650 5.569458e-01 7.232080e-03 1.118044e-02 9.130393e-03
3660 5.584717e-01 7.247252e-03 1.019326e-02 8.616311e-03
3670 5.599976e-01 7.247471e-03 9.319919e-03 8.083657e-03
3680 5.615234e-01 7.232283e-03 8.593183e-03 7.538790e-03
3690 5.630493e-01 7.201436e-03 8.046864e-03 6.989277e-03
3700 5.645752e-01 7.154874e-03 7.709424e-03 6.444266e-03
3710 5.661011e-01 7.092722e-03 7.595191e-03 5.914997e-03
3720 5.676270e-01 7.015280e-03 7.697752e-03 5.415429e-03
3730 5.691528e-01 6.923019e-03 7.990541e-03 4.962835e-03
3740 5.706787e-01 6.816571e-03 8.434557e-03 4.577954e-03
3750 5.722046e-01 6.696727e-03 8.987917e-03 4.283870e-03
3760 5.737305e-01 6.564429e-03 9.612504e-03 4.102535e-03
3770 5.752563e-01 6.420772e-03 1.027671e-02 4.048880e-03
3780 5.767822e-01 6.266996e-03 1.095561e-02 4.125109e-03
3790 5.783081e-01 6.104487e-03 1.162996e-02 4.319390e-03
3800 5.798340e-01 5.934777e-03 1.228505e-02 4.610153e-03
3810 5.813599e-01 5.759539e-03 1.290960e-02 4.972604e-03
3820 5.828857e-01 5.580587e-03 1.349496e-02 5.383573e-03
3830 5.844116e-01 5.399873e-03 1.403451e-02 5.823619e-03
3840 5.859375e-01 5.219478e-03 1.452314e-02 6.277261e-03
3850 5.874634e-01 5.041602e-03 1.495702e-02 6.732407e-03
3860 5.889893e-01 4.868545e-03 1.533327e-02 7.179625e-03
3870 5.905151e-01 4.702679e-03 1.564987e-02 7.611497e-03
3880 5.920410e-01 4.546400e-03 1.590549e-02 8.022130e-03
3890 5.935669e-01 4.402070e-03 1.609937e-02 8.406796e-03
3900 5.950928e-01 4.271940e-03 1.623132e-02 8.761674e-03
3910 5.966187e-01 4.158045e-03 1.630157e-02 9.083678e-03
3920 5.981445e-01 4.062101e-03 1.631079e-02 9.370323e-03
3930 5.996704e-01 3.985387e-03 1.626003e-02 9.619641e-03
3940 6.011963e-01 3.928648e-03 1.615066e-02 9.830115e-03
3950 6.027222e-01 3.892020e-03 1.598438e-02 1.000063e-02
3960 6.042480e-01 3.875008e-03 1.576318e-02 1.013045e-02
3970 6.057739e-01 3.876509e-03 1.548929e-02 1.021916e-02
3980 6.072998e-01 3.894884e-03 1.516519e-02 1.026671e-02
3990 6.088257e-01 3.928070e-03 1.479358e-02 1.027331e-02
4000 6.103516e-01 3.973708e-03 1.437738e-02 1.023950e-02
4010 6.118774e-01 4.029280e-03 1.391968e-02 1.016612e-02
4020 6.134033e-01 4.092221e-03 1.342375e-02 1.005426e-02
4030 6.149292e-01 4.160018e-03 1.289303e-02 9.905313e-03
4040 6.164551e-01 4.230282e-03 1.233111e-02 9.720949e-03
4050 6.179810e-01 4.300797e-03 1.174176e-02 9.503118e-03
4060 6.195068e-01 4.369547e-03 1.112889e-02 9.254059e-03
4070 6.210327e-01 4.434730e-03 1.049663e-02 8.976313e-03
4080 6.225586e-01 4.494761e-03 9.849274e-03 8.672737e-03
4090 6.240845e-01 4.548268e-03 9.191410e-03 8.346533e-03
4100 6.256104e-01 4.594080e-03 8.527942e-03 8.001281e-03
4110 6.271362e-01 4.631221e-03 7.864227e-03 7.640991e-03
4120 6.286621e-01 4.658892e-03 7.206237e-03 7.270162e-03
4130 6.301880e-01 4.676464e-03 6.560819e-03 6.893866e-03
4140 6.317139e-01 4.683464e-03 5.936060e-03 6.517836e-03
4150 6.332397e-01 4.679565e-03 5.341805e-03 6.148577e-03
4160 6.347656e-01 4.664575e-03 4.790324e-03 5.793449e-03
4170 6.362915e-01 4.638430e-03 4.297017e-03 5.460721e-03
4180 6.378174e-01 4.601186e-03 3.880717e-03 5.159486e-03
4190 6.393433e-01 4.553009e-03 3.562607e-03 4.899379e-03
4200 6.408691e-01 4.494173e-03 3.362310e-03 4.689952e-03
4210 6.423950e-01 4.425052e-03 3.291022e-03 4.539672e-03
4220 6.439209e-01 4.346118e-03 3.345271e-03 4.454640e-03
4230 6.454468e-01 4.257934e-03 3.506893e-03 4.437391e-03
4240 6.469727e-01 4.161154e-03 3.749644e-03 4.486246e-03
4250 6.484985e-01 4.056519e-03 4.046910e-03 4.595555e-03
4260 6.500244e-01 3.944859e-03 4.376145e-03 4.756724e-03
4270 6.515503e-01 3.827089e-03 4.719948e-03 4.959594e-03
4280 6.530762e-01 3.704212e-03 5.065453e-03 5.193702e-03
4290 6.546021e-01 3.577320e-03 5.403281e-03 5.449157e-03
4300 6.561279e-01 3.447597e-03 5.726604e-03 5.717100e-03
4310 6.576538e-01 3.316318e-03 6.030423e-03 5.989865e-03
4320 6.591797e-01 3.184855e-03 6.311072e-03 6.260951e-03
4330 6.607056e-01 3.054676e-03 6.565861e-03 6.524912e-03
4340 6.622314e-01 2.927342e-03 6.792844e-03 6.777215e-03
4350 6.637573e-01 2.804496e-03 6.990649e-03 7.014109e-03
4360 6.652832e-01 2.687850e-03 7.158361e-03 7.232506e-03
4370 6.668091e-01 2.579150e-03 7.295442e-03 7.429878e-03
4380 6.683350e-01 2.480131e-03 7.401669e-03 7.604186e-03
4390 6.698608e-01 2.392442e-03 7.477084e-03 7.753810e-03
4400 6.713867e-01 2.317564e-03 7.521964e-03 7.877498e-03
4410 6.729126e-01 2.256699e-03 7.536787e-03 7.974333e-03
4420 6.744385e-01 2.210664e-03 7.522216e-03 8.043694e-03
4430 6.759644e-01 2.179802e-03 7.479073e-03 8.085232e-03
4440 6.774902e-01 2.163925e-03 7.408326e-03 8.098851e-03
4450 6.790161e-01 2.162316e-03 7.311072e-03 8.084687e-03
4460 6.805420e-01 2.173778e-03 7.188529e-03 8.043097e-03
4470 6.820679e-01 2.196737e-03 7.042018e-03 7.974642e-03
4480 6.835938e-01 2.229364e-03 6.872958e-03 7.880082e-03
4490 6.851196e-01 2.269701e-03 6.682850e-03 7.760363e-03
4500 6.866455e-01 2.315772e-03 6.473278e-03 7.616611e-03
4510 6.881714e-01 2.365673e-03 6.245893e-03 7.450129e-03
4520 6.896973e-01 2.417622e-03 6.002411e-03 7.262391e-03
4530 6.912231e-01 2.470003e-03 5.744608e-03 7.055041e-03
4540 6.927490e-01 2.521374e-03 5.474320e-03 6.829897e-03
4550 6.942749e-01 2.570473e-03 5.193440e-03 6.588953e-03
4560 6.958008e-01 2.616212e-03 4.903923e-03 6.334388e-03
4570 6.973267e-01 2.657665e-03 4.607797e-03 6.068582e-03
4580 6.988525e-01 2.694057e-03 4.307176e-03 5.794132e-03
4590 7.003784e-01 2.724750e-03 4.004286e-03 5.513879e-03
4600 7.019043e-01 2.749231e-03 3.701506e-03 5.230940e-03
4610 7.034302e-01 2.767100e-03 3.401422e-03 4.948750e-03
4620 7.049561e-01 2.778061e-03 3.106915e-03 4.671102e-03
4630 7.064819e-01 2.781908e-03 2.821281e-03 4.402188e-03
4640 7.080078e-01 2.778525e-03 2.548400e-03 4.146626e-03
4650 7.095337e-01 2.767870e-03 2.292951e-03 3.909439e-03
4660 7.110596e-01 2.749975e-03 2.060655e-03 3.695965e-03
4670 7.125854e-01 2.724937e-03 1.858428e-03 3.511636e-03
4680 7.141113e-01 2.692914e-03 1.694189e-03 3.361594e-03
4690 7.156372e-01 2.654122e-03 1.575892e-03 3.250139e-03
4700 7.171631e-01 2.608829e-03 1.509462e-03 3.180083e-03
4710 7.186890e-01 2.557354e-03 1.496241e-03 3.152196e-03
4720 7.202148e-01 2.500062e-03 1.531689e-03 3.164946e-03
4730 7.217407e-01 2.437365e-03 1.606633e-03 3.214662e-03
4740 7.232666e-01 2.369715e-03 1.710107e-03 3.296082e-03
4750 7.247925e-01 2.297609e-03 1.831812e-03 3.403064e-03
4760 7.263184e-01 2.221585e-03 1.963279e-03 3.529267e-03
4770 7.278442e-01 2.142222e-03 2.098025e-03 3.668641e-03
4780 7.293701e-01 2.060141e-03 2.231254e-03 3.815719e-03
4790 7.308960e-01 1.976007e-03 2.359470e-03 3.965740e-03
4800 7.324219e-01 1.890534e-03 2.480138e-03 4.114649e-03
4810 7.339478e-01 1.804483e-03 2.591433e-03 4.259054e-03
4820 7.354736e-01 1.718668e-03 2.692048e-03 4.396150e-03
4830 7.369995e-01 1.633962e-03 2.781071e-03 4.523637e-03
4840 7.385254e-01 1.551295e-03 2.857893e-03 4.639651e-03
4850 7.400513e-01 1.471658e-03 2.922139e-03 4.742700e-03
4860 7.415771e-01 1.396096e-03 2.973629e-03 4.831610e-03
4870 7.431030e-01 1.325697e-03 3.012340e-03 4.905482e-03
4880 7.446289e-01 1.261563e-03 3.038379e-03 4.963657e-03
4890 7.461548e-01 1.204768e-03 3.051966e-03 5.005688e-03
4900 7.476807e-01 1.156296e-03 3.053421e-03 5.031314e-03
4910 7.492065e-01 1.116959e-03 3.043143e-03 5.040442e-03
4920 7.507324e-01 1.087306e-03 3.021611e-03 5.033132e-03
4930 7.522583e-01 1.067544e-03 2.989364e-03 5.009580e-03
4940 7.537842e-01 1.057491e-03 2.947002e-03 4.970112e-03
4950 7.553101e-01 1.056570e-03 2.895175e-03 4.915167e-03
4960 7.568359e-01 1.063863e-03 2.834578e-03 4.845295e-03
4970 7.583618e-01 1.078204e-03 2.765948e-03 4.761147e-03
4980 7.598877e-01 1.098283e-03 2.690054e-03 4.663467e-03
4990 7.614136e-01 1.122751e-03 2.607702e-03 4.553092e-03
5000 7.629395e-01 1.150297e-03 2.519722e-03 4.430942e-03
5010 7.644653e-01 1.179710e-03 2.426973e-03 4.298024e-03
5020 7.659912e-01 1.209902e-03 2.330338e-03 4.155425e-03
5030 7.675171e-01 1.239922e-03 2.230721e-03 4.004315e-03
5040 7.690430e-01 1.268957e-03 2.129051e-03 3.845950e-03
5050 7.705688e-01 1.296319e-03 2.026279e-03 3.681674e-03
5060 7.720947e-01 1.321439e-03 1.923378e-03 3.512927e-03
5070 7.736206e-01 1.343851e-03 1.821346e-03 3.341255e-03
5080 7.751465e-01 1.363183e-03 1.721206e-03 3.168324e-03
5090 7.766724e-01 1.379139e-03 1.624002e-03 2.995934e-03
5100 7.781982e-01 1.391500e-03 1.530800e-03 2.826039e-03
5110 7.797241e-01 1.400104e-03 1.442675e-03 2.660766e-03
5120 7.812500e-01 1.404849e-03 1.360691e-03 2.502426e-03
5130 7.827759e-01 1.405680e-03 1.285879e-03 2.353516e-03
5140 7.843018e-01 1.402584e-03 1.219183e-03 2.216693e-03
5150 7.858276e-01 1.395589e-03 1.161404e-03 2.094698e-03
5160 7.873535e-01 1.384758e-03 1.113126e-03 1.990217e-03
5170 7.888794e-01 1.370186e-03 1.074642e-03 1.905662e-03
5180 7.904053e-01 1.351995e-03 1.045894e-03 1.842876e-03
5190 7.919312e-01 1.330336e-03 1.026447e-03 1.802828e-03
5200 7.934570e-01 1.305381e-03 1.015512e-03 1.785389e-03
5210 7.949829e-01 1.277326e-03 1.012012e-03 1.789266e-03
5220 7.965088e-01 1.246386e-03 1.014677e-03 1.812150e-03
5230 7.980347e-01 1.212796e-03 1.022158e-03 1.851022e-03
5240 7.995605e-01 1.176807e-03 1.033117e-03 1.902516e-03
5250 8.010864e-01 1.138689e-03 1.046305e-03 1.963245e-03
5260 8.026123e-01 1.098727e-03 1.060606e-03 2.030028e-03
5270 8.041382e-01 1.057223e-03 1.075059e-03 2.100021e-03
5280 8.056641e-01 1.014492e-03 1.088870e-03 2.170768e-03
5290 8.071899e-01 9.708705e-04 1.101396e-03 2.240194e-03
5300 8.087158e-01 9.267081e-04 1.112144e-03 2.306580e-03
5310 8.102417e-01 8.823749e-04 1.120747e-03 2.368520e-03
5320 8.117676e-01 8.382607e-04 1.126957e-03 2.424882e-03
5330 8.132935e-01 7.947764e-04 1.130625e-03 2.474763e-03
5340 8.148193e-01 7.523559e-04 1.131690e-03 2.517463e-03
5350 8.163452e-01 7.114558e-04 1.130167e-03 2.552450e-03
5360 8.178711e-01 6.725541e-04 1.126136e-03 2.579341e-03
5370 8.193970e-01 6.361453e-04 1.119733e-03 2.597879e-03
5380 8.209229e-01 6.027301e-04 1.111142e-03 2.607919e-03
5390 8.224487e-01 5.727981e-04 1.100586e-03 2.609415e-03
5400 8.239746e-01 5.468011e-04 1.088321e-03 2.602407e-03
5410 8.255005e-01 5.251184e-04 1.074628e-03 2.587016e-03
5420 8.270264e-01 5.080161e-04 1.059805e-03 2.563429e-03
5430 8.285522e-01 4.956085e-04 1.044163e-03 2.531900e-03
5440 8.300781e-01 4.878308e-04 1.028015e-03 2.492739e-03
5450 8.316040e-01 4.844334e-04 1.011670e-03 2.446311e-03
5460 8.331299e-01 4.850003e-04 9.954256e-04 2.393028e-03
5470 8.346558e-01 4.889892e-04 9.795594e-04 2.333348e-03
5480 8.361816e-01 4.957818e-04 9.643214e-04 2.267771e-03
5490 8.377075e-01 5.047347e-04 9.499258e-04 2.196837e-03
5500 8.392334e-01 5.152205e-04 9.365453e-04 2.121125e-03
5510 8.407593e-01 5.266570e-04 9.243047e-04 2.041252e-03
5520 8.422852e-01 5.385234e-04 9.132777e-04 1.957872e-03
5530 8.438110e-01 5.503675e-04 9.034847e-04 1.871680e-03
5540 8.453369e-01 5.618054e-04 8.948932e-04 1.783411e-03
5550 8.468628e-01 5.725173e-04 8.874209e-04 1.693845e-03
5560 8.483887e-01 5.822426e-04 8.809400e-04 1.603815e-03
5570 8.499146e-01 5.907724e-04 8.752841e-04 1.514207e-03
5580 8.514404e-01 5.979438e-04 8.702561e-04 1.425976e-03
5590 8.529663e-01 6.036339e-04 8.656361e-04 1.340147e-03
5600 8.544922e-01 6.077546e-04 8.611909e-04 1.257823e-03
5610 8.560181e-01 6.102481e-04 8.566817e-04 1.180187e-03
5620 8.575439e-01 6.110834e-04 8.518721e-04 1.108489e-03
5630 8.590698e-01 6.102523e-04 8.465347e-04 1.044014e-03
5640 8.605957e-01 6.077674e-04 8.404566e-04 9.880240e-04
5650 8.621216e-01 6.036588e-04 8.334446e-04 9.416598e-04
5660 8.636475e-01 5.979730e-04 8.253280e-04 9.058097e-04
5670 8.651733e-01 5.907700e-04 8.159620e-04 8.809667e-04
5680 8.666992e-01 5.821227e-04 8.052294e-04 8.671120e-04
5690 8.682251e-01 5.721149e-04 7.930421e-04 8.636711e-04
5700 8.697510e-01 5.608402e-04 7.793417e-04 8.695664e-04
5710 8.712769e-01 5.484011e-04 7.641005e-04 8.833519e-04
5720 8.728027e-01 5.349077e-04 7.473217e-04 9.033878e-04
5730 8.743286e-01 5.204773e-04 7.290397e-04 9.280032e-04
5740 8.758545e-01 5.052332e-04 7.093207e-04 9.556177e-04
5750 8.773804e-01 4.893044e-04 6.882628e-04 9.848128e-04
5760 8.789063e-01 4.728247e-04 6.659973e-04 1.014363e-03
5770 8.804321e-01 4.559323e-04 6.426893e-04 1.043237e-03
5780 8.819580e-01 4.387693e-04 6.185397e-04 1.070586e-03
5790 8.834839e-01 4.214812e-04 5.937869e-04 1.095721e-03
5800 8.850098e-01 4.042163e-04 5.687089e-04 1.118097e-03
5810 8.865356e-01 3.871249e-04 5.436262e-04 1.137287e-03
5820 8.880615e-01 3.703588e-04 5.189037e-04 1.152965e-03
5830 8.895874e-01 3.540697e-04 4.949519e-04 1.164897e-03
5840 8.911133e-01 3.384078e-04 4.722252e-04 1.172920e-03
5850 8.926392e-01 3.235196e-04 4.512156e-04 1.176939e-03
5860 8.941650e-01 3.095448e-04 4.324388e-04 1.176913e-03
5870 8.956909e-01 2.966125e-04 4.164096e-04 1.172852e-03
5880 8.972168e-01 2.848366e-04 4.036059e-04 1.164808e-03
5890 8.987427e-01 2.743104e-04 3.944221e-04 1.152873e-03
5900 9.002686e-01 2.651012e-04 3.891203e-04 1.137172e-03
5910 9.017944e-01 2.572448e-04 3.877896e-04 1.117862e-03
5920 9.033203e-01 2.507419e-04 3.903281e-04 1.095127e-03
5930 9.048462e-01 2.455561e-04 3.964531e-04 1.069176e-03
5940 9.063721e-01 2.416150e-04 4.057364e-04 1.040242e-03
5950 9.078979e-01 2.388140e-04 4.176553e-04 1.008580e-03
5960 9.094238e-01 2.370222e-04 4.316435e-04 9.744642e-04
5970 9.109497e-01 2.360907e-04 4.471336e-04 9.381881e-04
5980 9.124756e-01 2.358605e-04 4.635871e-04 9.000645e-04
5990 9.140015e-01 2.361710e-04 4.805110e-04 8.604250e-04
6000 9.155273e-01 2.368663e-04 4.974654e-04 8.196208e-04
6010 9.170532e-01 2.378004e-04 5.140649e-04 7.780243e-04
6020 9.185791e-01 2.388411e-04 5.299756e-04 7.360305e-04
6030 9.201050e-01 2.398716e-04 5.449115e-04 6.940609e-04
6040 9.216309e-01 2.407920e-04 5.586293e-04 6.525661e-04
6050 9.231567e-01 2.415186e-04 5.709243e-04 6.120302e-04
6060 9.246826e-01 2.419838e-04 5.816260e-04 5.729741e-04
6070 9.262085e-01 2.421353e-04 5.905947e-04 5.359571e-04
6080 9.277344e-01 2.419342e-04 5.977183e-04 5.015734e-04
6090 9.292603e-01 2.413546e-04 6.029099e-04 4.704407e-04
6100 9.307861e-01 2.403819e-04 6.061055e-04 4.431741e-04
6110 9.323120e-01 2.390114e-04 6.072622e-04 4.203421e-04
6120 9.338379e-01 2.372477e-04 6.063569e-04 4.024030e-04
6130 9.353638e-01 2.351030e-04 6.033846e-04 3.896315e-04
6140 9.368896e-01 2.325965e-04 5.983577e-04 3.820536e-04
6150 9.384155e-01 2.297533e-04 5.913047e-04 3.794164e-04
6160 9.399414e-01 2.266033e-04 5.822697e-04 3.812082e-04
6170 9.414673e-01 2.231805e-04 5.713114e-04 3.867256e-04
6180 9.429932e-01 2.195224e-04 5.585027e-04 3.951627e-04
6190 9.445190e-01 2.156685e-04 5.439304e-04 4.056973e-04
6200 9.460449e-01 2.116603e-04 5.276947e-04 4.175548e-04
6210 9.475708e-01 2.075398e-04 5.099092e-04 4.300444e-04
6220 9.490967e-01 2.033493e-04 4.907012e-04 4.425746e-04
6230 9.506226e-01 1.991301e-04 4.702123e-04 4.546530e-04
6240 9.521484e-01 1.949220e-04 4.485990e-04 4.658790e-04
6250 9.536743e-01 1.907625e-04 4.260347e-04 4.759323e-04
6260 9.552002e-01 1.866857e-04 4.027120e-04 4.845627e-04
6270 9.567261e-01 1.827223e-04 3.788460e-04 4.915789e-04
6280 9.582520e-01 1.788981e-04 3.546797e-04 4.968398e-04
6290 9.597778e-01 1.752340e-04 3.304907e-04 5.002472e-04
6300 9.613037e-01 1.717455e-04 3.066007e-04 5.017393e-04
6310 9.628296e-01 1.684421e-04 2.833875e-04 5.012860e-04
6320 9.643555e-01 1.653278e-04 2.612989e-04 4.988843e-04
6330 9.658813e-01 1.624007e-04 2.408661e-04 4.945554e-04
6340 9.674072e-01 1.596534e-04 2.227087e-04 4.883413e-04
6350 9.689331e-01 1.570736e-04 2.075175e-04 4.803034e-04
6360 9.704590e-01 1.546449e-04 1.959953e-04 4.705194e-04
6370 9.719849e-01 1.523472e-04 1.887407e-04 4.590828e-04
6380 9.735107e-01 1.501578e-04 1.860938e-04 4.461009e-04
6390 9.750366e-01 1.480525e-04 1.880142e-04 4.316944e-04
6400 9.765625e-01 1.460063e-04 1.940710e-04 4.159961e-04
6410 9.780884e-01 1.439940e-04 2.035561e-04 3.991510e-04
6420 9.796143e-01 1.419918e-04 2.156511e-04 3.813161e-04
6430 9.811401e-01 1.399774e-04 2.295626e-04 3.626610e-04
6440 9.826660e-01 1.379306e-04 2.445966e-04 3.433687e-04
6450 9.841919e-01 1.358345e-04 2.601794e-04 3.236373e-04
6460 9.857178e-01 1.336750e-04 2.758506e-04 3.036827e-04
6470 9.872437e-01 1.314418e-04 2.912452e-04 2.837416e-04
6480 9.887695e-01 1.291282e-04 3.060746e-04 2.640767e-04
6490 9.902954e-01 1.267317e-04 3.201104e-04 2.449816e-04
6500 9.918213e-01 1.242535e-04 3.331715e-04 2.267865e-04
6510 9.933472e-01 1.216989e-04 3.451141e-04 2.098624e-04
6520 9.948730e-01 1.190772e-04 3.558250e-04 1.946197e-04
6530 9.963989e-01 1.164014e-04 3.652155e-04 1.814945e-04
6540 9.979248e-01 1.136884e-04 3.732178e-04 1.709157e-04
6550 9.994507e-01 1.109583e-04 3.797822e-04 1.632459e-04
6560 1.000977e+00 1.082346e-04 3.848744e-04 1.587049e-04
6570 1.002502e+00 1.055432e-04 3.884740e-04 1.573012e-04
6580 1.004028e+00 1.029126e-04 3.905730e-04 1.588091e-04
6590 1.005554e+00 1.003729e-04 3.911748e-04 1.628079e-04
6600 1.007080e+00 9.795496e-05 3.902932e-04 1.687640e-04
6610 1.008606e+00 9.568970e-05 3.879517e-04 1.761187e-04
6620 1.010132e+00 9.360692e-05 3.841827e-04 1.843507e-04
6630 1.011658e+00 9.173411e-05 3.790272e-04 1.930079e-04
6640 1.013184e+00 9.009518e-05 3.725338e-04 2.017156e-04
6650 1.014709e+00 8.870917e-05 3.647589e-04 2.101717e-04
6660 1.016235e+00 8.758914e-05 3.557660e-04 2.181368e-04
6670 1.017761e+00 8.674120e-05 3.456251e-04 2.254234e-04
6680 1.019287e+00 8.616401e-05 3.344131e-04 2.318864e-04
6690 1.020813e+00 8.584862e-05 3.222133e-04 2.374151e-04
6700 1.022339e+00 8.577886e-05 3.091156e-04 2.419270e-04
6710 1.023865e+00 8.593205e-05 2.952165e-04 2.453631e-04
6720 1.025391e+00 8.628011e-05 2.806197e-04 2.476840e-04
6730 1.026917e+00 8.679089e-05 2.654371e-04 2.488667e-04
6740 1.028442e+00 8.742949e-05 2.497896e-04 2.489033e-04
6750 1.029968e+00 8.815964e-05 2.338095e-04 2.477980e-04
6760 1.031494e+00 8.894484e-05 2.176434e-04 2.455667e-04
6770 1.033020e+00 8.974940e-05 2.014562e-04 2.422350e-04
6780 1.034546e+00 9.053926e-05 1.854376e-04 2.378379e-04
6790 1.036072e+00 9.128252e-05 1.698103e-04 2.324188e-04
6800 1.037598e+00 9.194996e-05 1.548413e-04 2.260287e-04
6810 1.039124e+00 9.251522e-05 1.408555e-04 2.187259e-04
6820 1.040649e+00 9.295506e-05 1.282478e-04 2.105757e-04
6830 1.042175e+00 9.324934e-05 1.174847e-04 2.016503e-04
6840 1.043701e+00 9.338107e-05 1.090781e-04 1.920287e-04
6850 1.045227e+00 9.333637e-05 1.035071e-04 1.817970e-04
6860 1.046753e+00 9.310439e-05 1.010861e-04 1.710498e-04
6870 1.048279e+00 9.267724e-05 1.018358e-04 1.598909e-04
6880 1.049805e+00 9.204986e-05 1.054486e-04 1.484359e-04
6890 1.051331e+00 9.121996e-05 1.113849e-04 1.368160e-04
6900 1.052856e+00 9.018793e-05 1.190259e-04 1.251832e-04
6910 1.054382e+00 8.895671e-05 1.277938e-04 1.137190e-04
6920 1.055908e+00 8.753175e-05 1.372057e-04 1.026463e-04
6930 1.057434e+00 8.592092e-05 1.468812e-04 9.224616e-05
6940 1.058960e+00 8.413447e-05 1.565286e-04 8.287626e-05
6950 1.060486e+00 8.218496e-05 1.659254e-04 7.498170e-05
6960 1.062012e+00 8.008729e-05 1.749022e-04 6.907211e-05
6970 1.063538e+00 7.785861e-05 1.833293e-04 6.562628e-05
6980 1.065063e+00 7.551841e-05 1.911069e-04 6.491936e-05
6990 1.066589e+00 7.308848e-05 1.981586e-04 6.687248e-05
7000 1.068115e+00 7.059297e-05 2.044260e-04 7.106846e-05
7010 1.069641e+00 6.805840e-05 2.098656e-04 7.692419e-05
7020 1.071167e+00 6.551370e-05 2.144460e-04 8.386776e-05
7030 1.072693e+00 6.299013e-05 2.181460e-04 9.142649e-05
7040 1.074219e+00 6.052122e-05 2.209535e-04 9.924014e-05
7050 1.075745e+00 5.814243e-05 2.228641e-04 1.070424e-04
7060 1.077271e+00 5.589070e-05 2.238802e-04 1.146373e-04
7070 1.078796e+00 5.380365e-05 2.240108e-04 1.218791e-04
7080 1.080322e+00 5.191834e-05 2.232703e-04 1.286583e-04
7090 1.081848e+00 5.026965e-05 2.216785e-04 1.348916e-04
7100 1.083374e+00 4.888823e-05 2.192601e-04 1.405158e-04
7110 1.084900e+00 4.779819e-05 2.160440e-04 1.454827e-04
7120 1.086426e+00 4.701491e-05 2.120636e-04 1.497563e-04
7130 1.087952e+00 4.654327e-05 2.073559e-04 1.533109e-04
7140 1.089478e+00 4.637682e-05 2.019617e-04 1.561293e-04
7150 1.091003e+00 4.649810e-05 1.959250e-04 1.582020e-04
7160 1.092529e+00 4.688004e-05 1.892932e-04 1.595258e-04
7170 1.094055e+00 4.748818e-05 1.821170e-04 1.601039e-04
7180 1.095581e+00 4.828331e-05 1.744500e-04 1.599451e-04
7190 1.097107e+00 4.922405e-05 1.663490e-04 1.590630e-04
7200 1.098633e+00 5.026900e-05 1.578742e-04 1.574765e-04
7210 1.100159e+00 5.137844e-05 1.490895e-04 1.552088e-04
7220 1.101685e+00 5.251537e-05 1.400633e-04 1.522873e-04
7230 1.103210e+00 5.364621e-05 1.308690e-04 1.487440e-04
7240 1.104736e+00 5.474105e-05 1.215871e-04 1.446146e-04
7250 1.106262e+00 5.577369e-05 1.123068e-04 1.399387e-04
7260 1.107788e+00 5.672153e-05 1.031293e-04 1.347602e-04
7270 1.109314e+00 5.756537e-05 9.417250e-05 1.291269e-04
7280 1.110840e+00 5.828918e-05 8.557653e-05 1.230912e-04
7290 1.112366e+00 5.887984e-05 7.751174e-05 1.167101e-04
7300 1.113892e+00 5.932689e-05 7.018634e-05 1.100465e-04
7310 1.115417e+00 5.962238e-05 6.385021e-05 1.031700e-04
7320 1.116943e+00 5.976058e-05 5.878512e-05 9.615880e-05
7330 1.118469e+00 5.973789e-05 5.526718e-05 8.910232e-05
7340 1.119995e+00 5.955262e-05 5.349468e-05 8.210454e-05
7350 1.121521e+00 5.920490e-05 5.350649e-05 7.528909e-05
7360 1.123047e+00 5.869654e-05 5.514832e-05 6.880524e-05
7370 1.124573e+00 5.803096e-05 5.811934e-05 6.283440e-05
7380 1.126099e+00 5.721305e-05 6.206342e-05 5.759381e-05
7390 1.127625e+00 5.624914e-05 6.664494e-05 5.333050e-05
7400 1.129150e+00 5.514696e-05 7.158452e-05 5.029488e-05
7410 1.130676e+00 5.391552e-05 7.666424e-05 4.868672e-05
7420 1.132202e+00 5.256517e-05 8.171915e-05 4.858773e-05
7430 1.133728e+00 5.110751e-05 8.662559e-05 4.992180e-05
7440 1.135254e+00 4.955545e-05 9.129089e-05 5.247634e-05
7450 1.136780e+00 4.792315e-05 9.564545e-05 5.596915e-05
7460 1.138306e+00 4.622613e-05 9.963693e-05 6.011512e-05
7470 1.139832e+00 4.448128e-05 1.032261e-04 6.466477e-05
7480 1.141357e+00 4.270691e-05 1.063841e-04 6.941597e-05
7490 1.142883e+00 4.092280e-05 1.090902e-04 7.421077e-05
7500 1.144409e+00 3.915029e-05 1.113304e-04 7.892741e-05
7510 1.145935e+00 3.741224e-05 1.130963e-04 8.347205e-05
7520 1.147461e+00 3.573298e-05 1.143845e-04 8.777207e-05
7530 1.148987e+00 3.413810e-05 1.151954e-04 9.177098e-05
7540 1.150513e+00 3.265399e-05 1.155336e-04 9.542477e-05
7550 1.152039e+00 3.130713e-05 1.154067e-04 9.869926e-05
7560 1.153564e+00 3.012297e-05 1.148254e-04 1.015682e-04
7570 1.155090e+00 2.912442e-05 1.138029e-04 1.040121e-04
7580 1.156616e+00 2.833003e-05 1.123553e-04 1.060168e-04
7590 1.158142e+00 2.775211e-05 1.105006e-04 1.075734e-04
7600 1.159668e+00 2.739516e-05 1.082590e-04 1.086771e-04
7610 1.161194e+00 2.725500e-05 1.056528e-04 1.093271e-04
7620 1.162720e+00 2.731892e-05 1.027057e-04 1.095261e-04
7630 1.164246e+00 2.756680e-05 9.944357e-05 1.092803e-04
7640 1.165771e+00 2.797305e-05 9.589354e-05 1.085988e-04
7650 1.167297e+00 2.850876e-05 9.208443e-05 1.074935e-04
7660 1.168823e+00 2.914386e-05 8.804661e-05 1.059793e-04
7670 1.170349e+00 2.984878e-05 8.381203e-05 1.040736e-04
7680 1.171875e+00 3.059568e-05 7.941439e-05 1.017961e-04
7690 1.173401e+00 3.135916e-05 7.488933e-05 9.916922e-05
7700 1.174927e+00 3.211663e-05 7.027485e-05 9.621759e-05
7710 1.176453e+00 3.284835e-05 6.561178e-05 9.296829e-05
7720 1.177979e+00 3.353737e-05 6.094469e-05 8.945082e-05
7730 1.179504e+00 3.416935e-05 5.632292e-05 8.569730e-05
7740 1.181030e+00 3.473233e-05 5.180222e-05 8.174260e-05
7750 1.182556e+00 3.521650e-05 4.744672e-05 7.762476e-05
7760 1.184082e+00 3.561399e-05 4.333136e-05 7.338545e-05
7770 1.185608e+00 3.591868e-05 3.954426e-05 6.907066e-05
7780 1.187134e+00 3.612604e-05 3.618774e-05 6.473168e-05
7790 1.188660e+00 3.623294e-05 3.337548e-05 6.042631e-05
7800 1.190186e+00 3.623755e-05 3.122201e-05 5.622041e-05
7810 1.191711e+00 3.613923e-05 2.982147e-05 5.218956e-05
7820 1.193237e+00 3.593839e-05 2.921955e-05 4.842057e-05
7830 1.194763e+00 3.563647e-05 2.939208e-05 4.501183e-05
7840 1.196289e+00 3.523580e-05 3.024610e-05 4.207111e-05
7850 1.197815e+00 3.473959e-05 3.164394e-05 3.970850e-05
7860 1.199341e+00 3.415187e-05 3.343512e-05 3.802263e-05
7870 1.200867e+00 3.347739e-05 3.548009e-05 3.708146e-05
7880 1.202393e+00 3.272167e-05 3.766143e-05 3.690349e-05
7890 1.203918e+00 3.189089e-05 3.988553e-05 3.744930e-05
7900 1.205444e+00 3.099195e-05 4.207996e-05 3.862895e-05
7910 1.206970e+00 3.003238e-05 4.418940e-05 4.032150e-05
7920 1.208496e+00 2.902041e-05 4.617196e-05 4.239672e-05
7930 1.210022e+00 2.796492e-05 4.799603e-05 4.473131e-05
7940 1.211548e+00 2.687552e-05 4.963800e-05 4.721730e-05
7950 1.213074e+00 2.576253e-05 5.108053e-05 4.976438e-05
7960 1.214600e+00 2.463706e-05 5.231123e-05 5.229906e-05
7970 1.216125e+00 2.351103e-05 5.332177e-05 5.476226e-05
7980 1.217651e+00 2.239723e-05 5.410716e-05 5.710689e-05
7990 1.219177e+00 2.130933e-05 5.466525e-05 5.929554e-05
8000 1.220703e+00 2.026185e-05 5.499631e-05 6.129862e-05
8010 1.222229e+00 1.927008e-05 5.510272e-05 6.309296e-05
8020 1.223755e+00 1.834978e-05 5.498873e-05 6.466061e-05
8030 1.225281e+00 1.751681e-05 5.466024e-05 6.598806e-05
8040 1.226807e+00 1.678636e-05 5.412467e-05 6.706553e-05
8050 1.228333e+00 1.617202e-05 5.339076e-05 6.788650e-05
8060 1.229858e+00 1.568459e-05 5.246852e-05 6.844728e-05
8070 1.231384e+00 1.533083e-05 5.136906e-05 6.874675e-05
8080 1.232910e+00 1.511246e-05 5.010457e-05 6.878604e-05
8090 1.234436e+00 1.502568e-05 4.868823e-05 6.856839e-05
8100 1.235962e+00 1.506130e-05 4.713413e-05 6.809893e-05
8110 1.237488e+00 1.520570e-05 4.545729e-05 6.738459e-05
8120 1.239014e+00 1.544212e-05 4.367363e-05 6.643393e-05
8130 1.240540e+00 1.575215e-05 4.179997e-05 6.525704e-05
8140 1.242065e+00 1.611712e-05 3.985411e-05 6.386551e-05
8150 1.243591e+00 1.651903e-05 3.785489e-05 6.227231e-05
8160 1.245117e+00 1.694135e-05 3.582236e-05 6.049177e-05
8170 1.246643e+00 1.736924e-05 3.377791e-05 5.853953e-05
8180 1.248169e+00 1.778978e-05 3.174450e-05 5.643257e-05
8190 1.249695e+00 1.819191e-05 2.974699e-05 5.418925e-05
8200 1.251221e+00 1.856627e-05 2.781236e-05 5.182934e-05
8210 1.252747e+00 1.890513e-05 2.596993e-05 4.937417e-05
8220 1.254272e+00 1.920215e-05 2.425141e-05 4.684684e-05
8230 1.255798e+00 1.945228e-05 2.269048e-05 4.427246e-05
8240 1.257324e+00 1.965158e-05 2.132160e-05 4.167852e-05
8250 1.258850e+00 1.979713e-05 2.017775e-05 3.909539e-05
8260 1.260376e+00 1.988687e-05 1.928682e-05 3.655685e-05
8270 1.261902e+00 1.991956e-05 1.866719e-05 3.410079e-05
8280 1.263428e+00 1.989465e-05 1.832351e-05 3.176976e-05
8290 1.264954e+00 1.981225e-05 1.824443e-05 2.961127e-05
8300 1.266479e+00 1.967304e-05 1.840350e-05 2.767729e-05
8310 1.268005e+00 1.947824e-05 1.876307e-05 2.602222e-05
8320 1.269531e+00 1.922956e-05 1.927967e-05 2.469863e-05
8330 1.271057e+00 1.892915e-05 1.990912e-05 2.375036e-05
8340 1.272583e+00 1.857959e-05 2.061010e-05 2.320400e-05
8350 1.274109e+00 1.818384e-05 2.134622e-05 2.306173e-05
8360 1.275635e+00 1.774523e-05 2.208663e-05 2.329890e-05
8370 1.277161e+00 1.726744e-05 2.280591e-05 2.386797e-05
8380 1.278687e+00 1.675447e-05 2.348354e-05 2.470716e-05
8390 1.280212e+00 1.621068e-05 2.410329e-05 2.574989e-05
8400 1.281738e+00 1.564071e-05 2.465249e-05 2.693222e-05
8410 1.283264e+00 1.504956e-05 2.512154e-05 2.819707e-05
8420 1.284790e+00 1.444254e-05 2.550338e-05 2.949579e-05
8430 1.286316e+00 1.382531e-05 2.579313e-05 3.078812e-05
8440 1.287842e+00 1.320390e-05 2.598773e-05 3.204132e-05
8450 1.289368e+00 1.258469e-05 2.608574e-05 3.322908e-05
8460 1.290894e+00 1.197448e-05 2.608709e-05 3.433041e-05
8470 1.292419e+00 1.138043e-05 2.599292e-05 3.532877e-05
8480 1.293945e+00 1.081009e-05 2.580547e-05 3.621123e-05
8490 1.295471e+00 1.027129e-05 2.552795e-05 3.696793e-05
8500 1.296997e+00 9.772001e-06 2.516445e-05 3.759155e-05
8510 1.298523e+00 9.320126e-06 2.471986e-05 3.807697e-05
8520 1.300049e+00 8.923109e-06 2.419982e-05 3.842093e-05
8530 1.301575e+00 8.587460e-06 2.361069e-05 3.862184e-05
8540 1.303101e+00 8.318168e-06 2.295946e-05 3.867957e-05
8550 1.304626e+00 8.118125e-06 2.225381e-05 3.859527e-05
8560 1.306152e+00 7.987658e-06 2.150200e-05 3.837129e-05
8570 1.307678e+00 7.924332e-06 2.071293e-05 3.801106e-05
8580 1.309204e+00 7.923080e-06 1.989613e-05 3.751897e-05
8590 1.310730e+00 7.976670e-06 1.906176e-05 3.690032e-05
8600 1.312256e+00 8.076374e-06 1.822062e-05 3.616126e-05
8610 1.313782e+00 8.212713e-06 1.738415e-05 3.530873e-05
8620 1.315308e+00 8.376114e-06 1.656443e-05 3.435040e-05
8630 1.316833e+00 8.557417e-06 1.577405e-05 3.329467e-05
8640 1.318359e+00 8.748212e-06 1.502602e-05 3.215064e-05
8650 1.319885e+00 8.941010e-06 1.433343e-05 3.092809e-05
8660 1.321411e+00 9.129309e-06 1.370905e-05 2.963752e-05
8670 1.322937e+00 9.307575e-06 1.316465e-05 2.829016e-05
8680 1.324463e+00 9.471185e-06 1.271022e-05 2.689809e-05
8690 1.325989e+00 9.616350e-06 1.235301e-05 2.547426e-05
8700 1.327515e+00 9.740022e-06 1.209666e-05 2.403270e-05
8710 1.329041e+00 9.839822e-06 1.194062e-05 2.258869e-05
8720 1.330566e+00 9.913959e-06 1.187999e-05 2.115899e-05
8730 1.332092e+00 9.961161e-06 1.190594e-05 1.976215e-05
8740 1.333618e+00 9.980619e-06 1.200655e-05 1.841878e-05
8750 1.335144e+00 9.971938e-06 1.216790e-05 1.715186e-05
8760 1.336670e+00 9.935088e-06 1.237526e-05 1.598667e-05
8770 1.338196e+00 9.870371e-06 1.261401e-05 1.495043e-05
8780 1.339722e+00 9.778386e-06 1.287033e-05 1.407093e-05
8790 1.341248e+00 9.660002e-06 1.313169e-05 1.337411e-05
8800 1.342773e+00 9.516334e-06 1.338702e-05 1.288029e-05
8810 1.344299e+00 9.348719e-06 1.362681e-05 1.259997e-05
8820 1.345825e+00 9.158705e-06 1.384302e-05 1.253068e-05
8830 1.347351e+00 8.948027e-06 1.402905e-05 1.265639e-05
8840 1.348877e+00 8.718600e-06 1.417956e-05 1.295009e-05
8850 1.350403e+00 8.472506e-06 1.429038e-05 1.337838e-05
8860 1.351929e+00 8.211987e-06 1.435839e-05 1.390619e-05
8870 1.353455e+00 7.939432e-06 1.438140e-05 1.450027e-05
8880 1.354980e+00 7.657384e-06 1.435809e-05 1.513120e-05
8890 1.356506e+00 7.368522e-06 1.428786e-05 1.577404e-05
8900 1.358032e+00 7.075670e-06 1.417085e-05 1.640822e-05
8910 1.359558e+00 6.781785e-06 1.400781e-05 1.701710e-05
8920 1.361084e+00 6.489954e-06 1.380007e-05 1.758736e-05
8930 1.362610e+00 6.203383e-06 1.354952e-05 1.810850e-05
8940 1.364136e+00 5.925375e-06 1.325855e-05 1.857231e-05
8950 1.365662e+00 5.659296e-06 1.293006e-05 1.897250e-05
8960 1.367188e+00 5.408522e-06 1.256740e-05 1.930437e-05
8970 1.368713e+00 5.176355e-06 1.217441e-05 1.956459e-05
8980 1.370239e+00 4.965907e-06 1.175538e-05 1.975096e-05
8990 1.371765e+00 4.779958e-06 1.131506e-05 1.986228e-05
9000 1.373291e+00 4.620775e-06 1.085872e-05 1.989822e-05
9010 1.374817e+00 4.489931e-06 1.039214e-05 1.985920e-05
9020 1.376343e+00 4.388145e-06 9.921608e-06 1.974636e-05
9030 1.377869e+00 4.315164e-06 9.454019e-06 1.956140e-05
9040 1.379395e+00 4.269744e-06 8.996817e-06 1.930662e-05
9050 1.380920e+00 4.249719e-06 8.558004e-06 1.898481e-05
9060 1.382446e+00 4.252160e-06 8.146040e-06 1.859923e-05
9070 1.383972e+00 4.273598e-06 7.769658e-06 1.815355e-05
9080 1.385498e+00 4.310263e-06 7.437523e-06 1.765188e-05
9090 1.387024e+00 4.358309e-06 7.157722e-06 1.709869e-05
9100 1.388550e+00 4.414000e-06 6.937085e-06 1.649882e-05
9110 1.390076e+00 4.473842e-06 6.780421e-06 1.585749e-05
9120 1.391602e+00 4.534672e-06 6.689832e-06 1.518026e-05
9130 1.393127e+00 4.593694e-06 6.664303e-06 1.447311e-05
9140 1.394653e+00 4.648501e-06 6.699718e-06 1.374241e-05
9150 1.396179e+00 4.697062e-06 6.789320e-06 1.299500e-05
9160 1.397705e+00 4.737705e-06 6.924488e-06 1.223830e-05
9170 1.399231e+00 4.769087e-06 7.095615e-06 1.148034e-05
9180 1.400757e+00 4.790174e-06 7.292893e-06 1.072994e-05
9190 1.402283e+00 4.800204e-06 7.506909e-06 9.996874e-06
9200 1.403809e+00 4.798665e-06 7.729017e-06 9.292025e-06
9210 1.405334e+00 4.785269e-06 7.951519e-06 8.627550e-06
9220 1.406860e+00 4.759932e-06 8.167726e-06 8.016911e-06
9230 1.408386e+00 4.722752e-06 8.371926e-06 7.474662e-06
9240 1.409912e+00 4.673990e-06 8.559319e-06 7.015744e-06
9250 1.411438e+00 4.614060e-06 8.725927e-06 6.654094e-06
9260 1.412964e+00 4.543510e-06 8.868510e-06 6.400525e-06
9270 1.414490e+00 4.463015e-06 8.984483e-06 6.260318e-06
9280 1.416016e+00 4.373359e-06 9.071845e-06 6.231446e-06
9290 1.417542e+00 4.275435e-06 9.129112e-06 6.304388e-06
9300 1.419067e+00 4.170228e-06 9.155266e-06 6.463770e-06
9310 1.420593e+00 4.058812e-06 9.149713e-06 6.691060e-06
9320 1.422119e+00 3.942342e-06 9.112238e-06 6.967217e-06
9330 1.423645e+00 3.822045e-06 9.042977e-06 7.274548e-06
9340 1.425171e+00 3.699213e-06 8.942388e-06 7.597652e-06
9350 1.426697e+00 3.575195e-06 8.811232e-06 7.923666e-06
9360 1.428223e+00 3.451387e-06 8.650547e-06 8.242128e-06
9370 1.429749e+00 3.329214e-06 8.461642e-06 8.544670e-06
9380 1.431274e+00 3.210119e-06 8.246079e-06 8.824683e-06
9390 1.432800e+00 3.095536e-06 8.005667e-06 9.077011e-06
9400 1.434326e+00 2.986860e-06 7.742462e-06 9.297685e-06
9410 1.435852e+00 2.885416e-06 7.458765e-06 9.483721e-06
9420 1.437378e+00 2.792408e-06 7.157135e-06 9.632951e-06
9430 1.438904e+00 2.708873e-06 6.840399e-06 9.743896e-06
9440 1.440430e+00 2.635631e-06 6.511685e-06 9.815662e-06
9450 1.441956e+00 2.573231e-06 6.174453e-06 9.847860e-06
9460 1.443481e+00 2.521914e-06 5.832549e-06 9.840544e-06
9470 1.445007e+00 2.481588e-06 5.490270e-06 9.794161e-06
9480 1.446533e+00 2.451827e-06 5.152442e-06 9.709502e-06
9490 1.448059e+00 2.431892e-06 4.824510e-06 9.587675e-06
9500 1.449585e+00 2.420777e-06 4.512607e-06 9.430071e-06
9510 1.451111e+00 2.417267e-06 4.223589e-06 9.238341e-06
9520 1.452637e+00 2.420007e-06 3.964936e-06 9.014376e-06
9530 1.454163e+00 2.427572e-06 3.744455e-06 8.760292e-06
9540 1.455688e+00 2.438529e-06 3.569654e-06 8.478417e-06
9550 1.457214e+00 2.451492e-06 3.446774e-06 8.171281e-06
9560 1.458740e+00 2.465160e-06 3.379636e-06 7.841620e-06
9570 1.460266e+00 2.478340e-06 3.368680e-06 7.492371e-06
9580 1.461792e+00 2.489976e-06 3.410656e-06 7.126689e-06
9590 1.463318e+00 2.499144e-06 3.499165e-06 6.747966e-06
9600 1.464844e+00 2.505064e-06 3.625808e-06 6.359866e-06
9610 1.466370e+00 2.507094e-06 3.781449e-06 5.966374e-06
9620 1.467896e+00 2.504724e-06 3.957225e-06 5.571865e-06
9630 1.469421e+00 2.497571e-06 4.145129e-06 5.181206e-06
9640 1.470947e+00 2.485371e-06 4.338259e-06 4.799869e-06
9650 1.472473e+00 2.467972e-06 4.530826e-06 4.434076e-06
9660 1.473999e+00 2.445322e-06 4.718060e-06 4.090933e-06
9670 1.475525e+00 2.417467e-06 4.896070e-06 3.778492e-06
9680 1.477051e+00 2.384543e-06 5.061709e-06 3.505626e-06
9690 1.478577e+00 2.346767e-06 5.212444e-06 3.281522e-06
9700 1.480103e+00 2.304433e-06 5.346263e-06 3.114601e-06
9710 1.481628e+00 2.257908e-06 5.461588e-06 3.010888e-06
9720 1.483154e+00 2.207625e-06 5.557210e-06 2.972274e-06
9730 1.484680e+00 2.154080e-06 5.632241e-06 2.995573e-06
9740 1.486206e+00 2.097828e-06 5.686071e-06 3.072993e-06
9750 1.487732e+00 2.039477e-06 5.718334e-06 3.193832e-06
9760 1.489258e+00 1.979684e-06 5.728889e-06 3.346485e-06
9770 1.490784e+00 1.919150e-06 5.717789e-06 3.519983e-06
9780 1.492310e+00 1.858616e-06 5.685273e-06 3.704791e-06
9790 1.493835e+00 1.798848e-06 5.631744e-06 3.893031e-06
9800 1.495361e+00 1.740634e-06 5.557763e-06 4.078384e-06
9810 1.496887e+00 1.684765e-06 5.464033e-06 4.255863e-06
9820 1.498413e+00 1.632016e-06 5.351395e-06 4.421575e-06
9830 1.499939e+00 1.583129e-06 5.220819e-06 4.572503e-06
9840 1.501465e+00 1.538778e-06 5.073396e-06 4.706333e-06
9850 1.502991e+00 1.499548e-06 4.910341e-06 4.821321e-06
9860 1.504517e+00 1.465896e-06 4.732986e-06 4.916187e-06
9870 1.506042e+00 1.438130e-06 4.542786e-06 4.990036e-06
9880 1.507568e+00 1.416378e-06 4.341322e-06 5.042301e-06
9890 1.509094e+00 1.400583e-06 4.130309e-06 5.072695e-06
9900 1.510620e+00 1.390500e-06 3.911618e-06 5.081173e-06
9910 1.512146e+00 1.385709e-06 3.687296e-06 5.067905e-06
9920 1.513672e+00 1.385643e-06 3.459607e-06 5.033256e-06
9930 1.515198e+00 1.389620e-06 3.231074e-06 4.977760e-06
9940 1.516724e+00 1.396882e-06 3.004554e-06 4.902112e-06
9950 1.518250e+00 1.406632e-06 2.783321e-06 4.807149e-06
9960 1.519775e+00 1.418071e-06 2.571167e-06 4.693843e-06
9970 1.521301e+00 1.430420e-06 2.372505e-06 4.563292e-06
9980 1.522827e+00 1.442946e-06 2.192425e-06 4.416714e-06
9990 1.524353e+00 1.454974e-06 2.036617e-06 4.255440e-06
10000 1.525879e+00 1.465898e-06 1.911035e-06 4.080917e-06
10010 1.527405e+00 1.475183e-06 1.821141e-06 3.894711e-06
10020 1.528931e+00 1.482372e-06 1.770782e-06 3.698509e-06
10030 1.530457e+00 1.487078e-06 1.761033e-06 3.494142e-06
10040 1.531982e+00 1.488987e-06 1.789649e-06 3.283598e-06
10050 1.533508e+00 1.487854e-06 1.851516e-06 3.069063e-06
10060 1.535034e+00 1.483498e-06 1.939850e-06 2.852971e-06
10070 1.536560e+00 1.475798e-06 2.047495e-06 2.638072e-06
10080 1.538086e+00 1.464693e-06 2.167823e-06 2.427535e-06
10090 1.539612e+00 1.450174e-06 2.295161e-06 2.225070e-06
10100 1.541138e+00 1.432283e-06 2.424860e-06 2.035070e-06
10110 1.542664e+00 1.411111e-06 2.553205e-06 1.862727e-06
10120 1.544189e+00 1.386791e-06 2.677257e-06 1.714016e-06
10130 1.545715e+00 1.359504e-06 2.794703e-06 1.595364e-06
10140 1.547241e+00 1.329469e-06 2.903730e-06 1.512769e-06
10150 1.548767e+00 1.296945e-06 3.002918e-06 1.470355e-06
10160 1.550293e+00 1.262229e-06 3.091169e-06 1.468881e-06
10170 1.551819e+00 1.225656e-06 3.167643e-06 1.505164e-06
10180 1.553345e+00 1.187596e-06 3.231719e-06 1.572907e-06
10190 1.554871e+00 1.148458e-06 3.282956e-06 1.664385e-06
10200 1.556396e+00 1.108680e-06 3.321075e-06 1.771984e-06
10210 1.557922e+00 1.068738e-06 3.345930e-06 1.889065e-06
10220 1.559448e+00 1.029138e-06 3.357502e-06 2.010226e-06
10230 1.560974e+00 9.904110e-07 3.355880e-06 2.131225e-06
10240 1.562500e+00 9.531111e-07 3.341253e-06 2.248780e-06
10250 1.564026e+00 9.178035e-07 3.313902e-06 2.360367e-06
10260 1.565552e+00 8.850507e-07 3.274193e-06 2.464049e-06
10270 1.567078e+00 8.553937e-07 3.222568e-06 2.558340e-06
10280 1.568604e+00 8.293281e-07 3.159543e-06 2.642110e-06
10290 1.570129e+00 8.072751e-07 3.085703e-06 2.714509e-06
10300 1.571655e+00 7.895514e-07 3.001697e-06 2.774918e-06
10310 1.573181e+00 7.763416e-07 2.908236e-06 2.822912e-06
10320 1.574707e+00 7.676784e-07 2.806092e-06 2.858223e-06
10330 1.576233e+00 7.634345e-07 2.696098e-06 2.880730e-06
10340 1.577759e+00 7.633307e-07 2.579148e-06 2.890433e-06
10350 1.579285e+00 7.669548e-07 2.456201e-06 2.887444e-06
10360 1.580811e+00 7.737939e-07 2.328288e-06 2.871976e-06
10370 1.582336e+00 7.832703e-07 2.196523e-06 2.844333e-06
10380 1.583862e+00 7.947753e-07 2.062115e-06 2.804904e-06
10390 1.585388e+00 8.076992e-07 1.926398e-06 2.754158e-06
10400 1.586914e+00 8.214571e-07 1.790855e-06 2.692636e-06
10410 1.588440e+00 8.355019e-07 1.657168e-06 2.620951e-06
10420 1.589966e+00 8.493372e-07 1.527272e-06 2.539783e-06
10430 1.591492e+00 8.625201e-07 1.403422e-06 2.449876e-06
10440 1.593018e+00 8.746645e-07 1.288266e-06 2.352042e-06
10450 1.594543e+00 8.854384e-07 1.184876e-06 2.247159e-06
10460 1.596069e+00 8.945625e-07 1.096698e-06 2.136179e-06
10470 1.597595e+00 9.018072e-07 1.027300e-06 2.020136e-06
10480 1.599121e+00 9.069883e-07 9.798349e-07 1.900154e-06
10490 1.600647e+00 9.099642e-07 9.562705e-07 1.777479e-06
10500 1.602173e+00 9.106326e-07 9.566771e-07 1.653495e-06
10510 1.603699e+00 9.089277e-07 9.790342e-07 1.529779e-06
10520 1.605225e+00 9.048167e-07 1.019720e-06 1.408153e-06
10530 1.606750e+00 8.982987e-07 1.074381e-06 1.290762e-06
10540 1.608276e+00 8.894009e-07 1.138716e-06 1.180169e-06
10550 1.609802e+00 8.781783e-07 1.208932e-06 1.079430e-06
10560 1.611328e+00 8.647111e-07 1.281901e-06 9.921142e-07
10570 1.612854e+00 8.491038e-07 1.355129e-06 9.221299e-07
10580 1.614380e+00 8.314838e-07 1.426668e-06 8.732258e-07
10590 1.615906e+00 8.120007e-07 1.495005e-06 8.481112e-07
10600 1.617432e+00 7.908257e-07 1.558967e-06 8.474981e-07
10610 1.618958e+00 7.681510e-07 1.617652e-06 8.696709e-07
10620 1.620483e+00 7.441894e-07 1.670366e-06 9.109518e-07
10630 1.622009e+00 7.191749e-07 1.716587e-06 9.667379e-07
10640 1.623535e+00 6.933625e-07 1.755926e-06 1.032466e-06
10650 1.625061e+00 6.670286e-07 1.788112e-06 1.104158e-06
10660 1.626587e+00 6.404711e-07 1.812969e-06 1.178584e-06
10670 1.628113e+00 6.140099e-07 1.830403e-06 1.253209e-06
10680 1.629639e+00 5.879860e-07 1.840396e-06 1.326077e-06
10690 1.631165e+00 5.627597e-07 1.842991e-06 1.395681e-06
10700 1.632690e+00 5.387074e-07 1.838291e-06 1.460859e-06
10710 1.634216e+00 5.162141e-07 1.826451e-06 1.520718e-06
10720 1.635742e+00 4.956635e-07 1.807674e-06 1.574568e-06
10730 1.637268e+00 4.774236e-07 1.782207e-06 1.621888e-06
10740 1.638794e+00 4.618242e-07 1.750338e-06 1.662287e-06
10750 1.640320e+00 4.491351e-07 1.712391e-06 1.695487e-06
10760 1.641846e+00 4.395404e-07 1.668729e-06 1.721306e-06
10770 1.643372e+00 4.331168e-07 1.619746e-06 1.739640e-06
10780 1.644897e+00 4.298220e-07 1.565870e-06 1.750462e-06
10790 1.646423e+00 4.294950e-07 1.507559e-06 1.753807e-06
10800 1.647949e+00 4.318665e-07 1.445304e-06 1.749769e-06
10810 1.649475e+00 4.365863e-07 1.379631e-06 1.738497e-06
10820 1.651001e+00 4.432497e-07 1.311098e-06 1.720189e-06
10830 1.652527e+00 4.514271e-07 1.240305e-06 1.695092e-06
10840 1.654053e+00 4.606893e-07 1.167899e-06 1.663493e-06
10850 1.655579e+00 4.706254e-07 1.094581e-06 1.625722e-06
10860 1.657104e+00 4.808562e-07 1.021123e-06 1.582150e-06
10870 1.658630e+00 4.910415e-07 9.483864e-07 1.533185e-06
10880 1.660156e+00 5.008799e-07 8.773415e-07 1.479272e-06
10890 1.661682e+00 5.101123e-07 8.091015e-07 1.420898e-06
10900 1.663208e+00 5.185176e-07 7.449491e-07 1.358586e-06
10910 1.664734e+00 5.259108e-07 6.863579e-07 1.292905e-06
10920 1.666260e+00 5.321410e-07 6.349800e-07 1.224472e-06
10930 1.667786e+00 5.370868e-07 5.925661e-07 1.153959e-06
10940 1.669312e+00 5.406541e-07 5.607718e-07 1.082109e-06
10950 1.670837e+00 5.427752e-07 5.408435e-07 1.009747e-06
10960 1.672363e+00 5.434029e-07 5.332625e-07 9.378089e-07
10970 1.673889e+00 5.425124e-07 5.375258e-07 8.673658e-07
10980 1.675415e+00 5.400967e-07 5.522115e-07 7.996639e-07
10990 1.676941e+00 5.361670e-07 5.753061e-07 7.361608e-07
11000 1.678467e+00 5.307500e-07 6.046071e-07 6.785509e-07
11010 1.679993e+00 5.238873e-07 6.380327e-07 6.287475e-07
11020 1.681519e+00 5.156351e-07 6.737820e-07 5.887697e-07
11030 1.683044e+00 5.060620e-07 7.103762e-07 5.604837e-07
11040 1.684570e+00 4.952497e-07 7.466363e-07 5.451980e-07
11050 1.686096e+00 4.832915e-07 7.816373e-07 5.432505e-07
11060 1.687622e+00 4.702922e-07 8.146594e-07 5.538224e-07
11070 1.689148e+00 4.563682e-07 8.451462e-07 5.751217e-07
11080 1.690674e+00 4.416470e-07 8.726707e-07 6.048268e-07
11090 1.692200e+00 4.262673e-07 8.969099e-07 6.405396e-07
11100 1.693726e+00 4.103793e-07 9.176246e-07 6.800818e-07
11110 1.695251e+00 3.941451e-07 9.346450e-07 7.216183e-07
11120 1.696777e+00 3.777387e-07 9.478594e-07 7.636662e-07
11130 1.698303e+00 3.613466e-07 9.572059e-07 8.050518e-07
11140 1.699829e+00 3.451679e-07 9.626654e-07 8.448550e-07
11150 1.701355e+00 3.294139e-07 9.642565e-07 8.823569e-07
11160 1.702881e+00 3.143064e-07 9.620317e-07 9.169968e-07
11170 1.704407e+00 3.000758e-07 9.560732e-07 9.483396e-07
11180 1.705933e+00 2.869545e-07 9.464911e-07 9.760509e-07
11190 1.707458e+00 2.751710e-07 9.334200e-07 9.998783e-07
11200 1.708984e+00 2.649365e-07 9.170180e-07 1.019638e-06
11210 1.710510e+00 2.564323e-07 8.974643e-07 1.035204e-06
11220 1.712036e+00 2.497918e-07 8.749581e-07 1.046501e-06
11230 1.713562e+00 2.450875e-07 8.497178e-07 1.053498e-06
11240 1.715088e+00 2.423178e-07 8.219801e-07 1.056201e-06
11250 1.716614e+00 2.414056e-07 7.919994e-07 1.054655e-06
11260 1.718140e+00 2.422021e-07 7.600487e-07 1.048936e-06
11270 1.719666e+00 2.445021e-07 7.264192e-07 1.039149e-06
11280 1.721191e+00 2.480621e-07 6.914228e-07 1.025426e-06
11290 1.722717e+00 2.526170e-07 6.553936e-07 1.007928e-06
11300 1.724243e+00 2.579015e-07 6.186916e-07 9.868368e-07
11310 1.725769e+00 2.636604e-07 5.817071e-07 9.623590e-07
11320 1.727295e+00 2.696584e-07 5.448673e-07 9.347231e-07
11330 1.728821e+00 2.756823e-07 5.086434e-07 9.041791e-07
11340 1.730347e+00 2.815474e-07 4.735596e-07 8.709988e-07
11350 1.731873e+00 2.870940e-07 4.402016e-07 8.354759e-07
11360 1.733398e+00 2.921865e-07 4.092205e-07 7.979274e-07
11370 1.734924e+00 2.967118e-07 3.813280e-07 7.586956e-07
11380 1.736450e+00 3.005791e-07 3.572717e-07 7.181516e-07
11390 1.737976e+00 3.037144e-07 3.377783e-07 6.766999e-07
11400 1.739502e+00 3.060612e-07 3.234613e-07 6.347856e-07
11410 1.741028e+00 3.075786e-07 3.147023e-07 5.929039e-07
11420 1.742554e+00 3.082380e-07 3.115457e-07 5.516116e-07
11430 1.744080e+00 3.080239e-07 3.136574e-07 5.115429e-07
11440 1.745605e+00 3.069322e-07 3.203750e-07 4.734246e-07
11450 1.747131e+00 3.049674e-07 3.308277e-07 4.380892e-07
11460 1.748657e+00 3.021453e-07 3.440732e-07 4.064743e-07
11470 1.750183e+00 2.984883e-07 3.592059e-07 3.795930e-07
11480 1.751709e+00 2.940280e-07 3.754194e-07 3.584520e-07
11490 1.753235e+00 2.888028e-07 3.920302e-07 3.439041e-07
11500 1.754761e+00 2.828580e-07 4.084764e-07 3.364575e-07
11510 1.756287e+00 2.762457e-07 4.243055e-07 3.361123e-07
11520 1.757813e+00 2.690240e-07 4.391575e-07 3.423208e-07
11530 1.759338e+00 2.612570e-07 4.527499e-07 3.541011e-07
11540 1.760864e+00 2.530150e-07 4.648633e-07 3.702446e-07
11550 1.762390e+00 2.443740e-07 4.753309e-07 3.895159e-07
11560 1.763916e+00 2.354157e-07 4.840292e-07 4.107854e-07
11570 1.765442e+00 2.262280e-07 4.908713e-07 4.330878e-07
11580 1.766968e+00 2.169048e-07 4.958014e-07 4.556305e-07
11590 1.768494e+00 2.075464e-07 4.987904e-07 4.777771e-07
11600 1.770020e+00 1.982593e-07 4.998326e-07 4.990225e-07
11610 1.771545e+00 1.891563e-07 4.989430e-07 5.189686e-07
11620 1.773071e+00 1.803559e-07 4.961551e-07 5.373033e-07
11630 1.774597e+00 1.719816e-07 4.915188e-07 5.537840e-07
11640 1.776123e+00 1.641591e-07 4.850995e-07 5.682243e-07
11650 1.777649e+00 1.570138e-07 4.769762e-07 5.804844e-07
11660 1.779175e+00 1.506649e-07 4.672412e-07 5.904636e-07
11670 1.780701e+00 1.452196e-07 4.559986e-07 5.980943e-07
11680 1.782227e+00 1.407633e-07 4.433641e-07 6.033377e-07
11690 1.783752e+00 1.373535e-07 4.294648e-07 6.061802e-07
11700 1.785278e+00 1.350100e-07 4.144385e-07 6.066307e-07
11710 1.786804e+00 1.337124e-07 3.984341e-07 6.047183e-07
11720 1.788330e+00 1.333995e-07 3.816123e-07 6.004905e-07
11730 1.789856e+00 1.339755e-07 3.641455e-07 5.940114e-07
11740 1.791382e+00 1.353162e-07 3.462200e-07 5.853609e-07
11750 1.792908e+00 1.372829e-07 3.280366e-07 5.746330e-07
11760 1.794434e+00 1.397298e-07 3.098135e-07 5.619356e-07
11770 1.795959e+00 1.425131e-07 2.917879e-07 5.473891e-07
11780 1.797485e+00 1.454967e-07 2.742190e-07 5.311261e-07
11790 1.799011e+00 1.485588e-07 2.573895e-07 5.132914e-07
11800 1.800537e+00 1.515892e-07 2.416056e-07 4.940414e-07
11810 1.802063e+00 1.544929e-07 2.271932e-07 4.735447e-07
11820 1.803589e+00 1.571898e-07 2.144873e-07 4.519827e-07
11830 1.805115e+00 1.596125e-07 2.038117e-07 4.295506e-07
11840 1.806641e+00 1.617055e-07 1.954478e-07 4.064593e-07
11850 1.808167e+00 1.634240e-07 1.895946e-07 3.829380e-07
11860 1.809692e+00 1.647344e-07 1.863299e-07 3.592380e-07
11870 1.811218e+00 1.656106e-07 1.855872e-07 3.356373e-07
11880 1.812744e+00 1.660351e-07 1.871576e-07 3.124475e-07
11890 1.814270e+00 1.659970e-07 1.907199e-07 2.900203e-07
11900 1.815796e+00 1.654930e-07 1.958857e-07 2.687557e-07
11910 1.817322e+00 1.645241e-07 2.022464e-07 2.491063e-07
11920 1.818848e+00 1.630979e-07 2.094083e-07 2.315748e-07
11930 1.820374e+00 1.612259e-07 2.170154e-07 2.166950e-07
11940 1.821899e+00 1.589246e-07 2.247585e-07 2.049861e-07
11950 1.823425e+00 1.562147e-07 2.323769e-07 1.968759e-07
11960 1.824951e+00 1.531200e-07 2.396551e-07 1.926058e-07
11970 1.826477e+00 1.496687e-07 2.464179e-07 1.921531e-07
11980 1.828003e+00 1.458922e-07 2.525248e-07 1.952154e-07
11990 1.829529e+00 1.418249e-07 2.578652e-07 2.012688e-07
12000 1.831055e+00 1.375044e-07 2.623536e-07 2.096714e-07
12010 1.832581e+00 1.329716e-07 2.659264e-07 2.197647e-07
12020 1.834106e+00 1.282701e-07 2.685384e-07 2.309420e-07
12030 1.835632e+00 1.234464e-07 2.701608e-07 2.426809e-07
12040 1.837158e+00 1.185504e-07 2.707787e-07 2.545491e-07
12050 1.838684e+00 1.136345e-07 2.703902e-07 2.661979e-07
12060 1.840210e+00 1.087542e-07 2.690042e-07 2.773493e-07
12070 1.841736e+00 1.039678e-07 2.666401e-07 2.877840e-07
12080 1.843262e+00 9.933568e-08 2.633265e-07 2.973305e-07
12090 1.844788e+00 9.492021e-08 2.591003e-07 3.058553e-07
12100 1.846313e+00 9.078413e-08 2.540067e-07 3.132568e-07
12110 1.847839e+00 8.698902e-08 2.480981e-07 3.194594e-07
12120 1.849365e+00 8.359313e-08 2.414342e-07 3.244092e-07
12130 1.850891e+00 8.064774e-08 2.340815e-07 3.280712e-07
12140 1.852417e+00 7.819404e-08 2.261133e-07 3.304263e-07
12150 1.853943e+00 7.625930e-08 2.176099e-07 3.314695e-07
12160 1.855469e+00 7.485342e-08 2.086588e-07 3.312083e-07
12170 1.856995e+00 7.396762e-08 1.993548e-07 3.296615e-07
12180 1.858521e+00 7.357354e-08 1.898012e-07 3.268582e-07
12190 1.860046e+00 7.362649e-08 1.801104e-07 3.228363e-07
12200 1.861572e+00 7.406817e-08 1.704050e-07 3.176426e-07
12210 1.863098e+00 7.483201e-08 1.608191e-07 3.113317e-07
12220 1.864624e+00 7.584643e-08 1.514995e-07 3.039654e-07
12230 1.866150e+00 7.704067e-08 1.426061e-07 2.956127e-07
12240 1.867676e+00 7.834734e-08 1.343115e-07 2.863491e-07
12250 1.869202e+00 7.970362e-08 1.267976e-07 2.762565e-07
12260 1.870728e+00 8.105344e-08 1.202483e-07 2.654235e-07
12270 1.872253e+00 8.234794e-08 1.148374e-07 2.539450e-07
12280 1.873779e+00 8.354466e-08 1.107101e-07 2.419231e-07
12290 1.875305e+00 8.460867e-08 1.079617e-07 2.294676e-07
12300 1.876831e+00 8.551026e-08 1.066191e-07 2.166971e-07
12310 1.878357e+00 8.622632e-08 1.066311e-07 2.037406e-07
12320 1.879883e+00 8.673898e-08 1.078736e-07 1.907394e-07
12330 1.881409e+00 8.703445e-08 1.101667e-07 1.778506e-07
12340 1.882935e+00 8.710355e-08 1.132992e-07 1.652502e-07
12350 1.884460e+00 8.694109e-08 1.170522e-07 1.531374e-07
12360 1.885986e+00 8.654543e-08 1.212158e-07 1.417386e-07
12370 1.887512e+00 8.591780e-08 1.256004e-07 1.313090e-07
12380 1.889038e+00 8.506234e-08 1.300410e-07 1.221291e-07
12390 1.890564e+00 8.398592e-08 1.343973e-07 1.144907e-07
12400 1.892090e+00 8.269821e-08 1.385529e-07 1.086658e-07
12410 1.893616e+00 8.121039e-08 1.424121e-07 1.048601e-07
12420 1.895142e+00 7.953643e-08 1.458976e-07 1.031609e-07
12430 1.896667e+00 7.769189e-08 1.489477e-07 1.035024e-07
12440 1.898193e+00 7.569410e-08 1.515142e-07 1.056713e-07
12450 1.899719e+00 7.356235e-08 1.535607e-07 1.093502e-07
12460 1.901245e+00 7.131766e-08 1.550607e-07 1.141773e-07
12470 1.902771e+00 6.898243e-08 1.559966e-07 1.197974e-07
12480 1.904297e+00 6.658081e-08 1.563586e-07 1.258928e-07
12490 1.905823e+00 6.413829e-08 1.561439e-07 1.321952e-07
12500 1.907349e+00 6.168196e-08 1.553559e-07 1.384854e-07
12510 1.908875e+00 5.924009e-08 1.540036e-07 1.445882e-07
12520 1.910400e+00 5.684216e-08 1.521015e-07 1.503648e-07
12530 1.911926e+00 5.451858e-08 1.496686e-07 1.557068e-07
12540 1.913452e+00 5.230009e-08 1.467286e-07 1.605295e-07
12550 1.914978e+00 5.021750e-08 1.433094e-07 1.647682e-07
12560 1.916504e+00 4.830028e-08 1.394430e-07 1.683743e-07
12570 1.918030e+00 4.657620e-08 1.351652e-07 1.713123e-07
12580 1.919556e+00 4.506913e-08 1.305159e-07 1.735582e-07
12590 1.921082e+00 4.379795e-08 1.255389e-07 1.750976e-07
12600 1.922607e+00 4.277485e-08 1.202821e-07 1.759243e-07
12610 1.924133e+00 4.200453e-08 1.147979e-07 1.760395e-07
12620 1.925659e+00 4.148286e-08 1.091434e-07 1.754511e-07
12630 1.927185e+00 4.119704e-08 1.033814e-07 1.741726e-07
12640 1.928711e+00 4.112653e-08 9.758076e-08 1.722229e-07
12650 1.930237e+00 4.124567e-08 9.181795e-08 1.696260e-07
12660 1.931763e+00 4.152290e-08 8.617774e-08 1.664100e-07
12670 1.933289e+00 4.192506e-08 8.075446e-08 1.626075e-07
12680 1.934814e+00 4.241935e-08 7.565258e-08 1.582547e-07
12690 1.936340e+00 4.297203e-08 7.098602e-08 1.533916e-07
12700 1.937866e+00 4.355321e-08 6.687512e-08 1.480621e-07
12710 1.939392e+00 4.413483e-08 6.343979e-08 1.423131e-07
12720 1.940918e+00 4.469207e-08 6.078792e-08 1.361956e-07
12730 1.942444e+00 4.520324e-08 5.899956e-08 1.297640e-07
12740 1.943970e+00 4.565034e-08 5.811093e-08 1.230771e-07
12750 1.945496e+00 4.601777e-08 5.810383e-08 1.161982e-07
12760 1.947021e+00 4.629331e-08 5.890616e-08 1.091964e-07
12770 1.948547e+00 4.646758e-08 6.040361e-08 1.021473e-07
12780 1.950073e+00 4.653295e-08 6.245782e-08 9.513486e-08
12790 1.951599e+00 4.648475e-08 6.492433e-08 8.825368e-08
12800 1.953125e+00 4.631997e-08 6.766577e-08 8.161122e-08
12810 1.954651e+00 4.603742e-08 7.055932e-08 7.533062e-08
12820 1.956177e+00 4.563814e-08 7.349948e-08 6.955258e-08
12830 1.957703e+00 4.512419e-08 7.639795e-08 6.443451e-08
12840 1.959229e+00 4.449932e-08 7.918207e-08 6.014411e-08
12850 1.960754e+00 4.376883e-08 8.179273e-08 5.684315e-08
12860 1.962280e+00 4.293891e-08 8.418238e-08 5.466022e-08
12870 1.963806e+00 4.201728e-08 8.631315e-08 5.365799e-08
12880 1.965332e+00 4.101246e-08 8.815538e-08 5.380933e-08
12890 1.966858e+00 3.993418e-08 8.968636e-08 5.499747e-08
12900 1.968384e+00 3.879337e-08 9.088932e-08 5.704149e-08
12910 1.969910e+00 3.760155e-08 9.175266e-08 5.973325e-08
12920 1.971436e+00 3.637140e-08 9.226931e-08 6.286890e-08
12930 1.972961e+00 3.511635e-08 9.243621e-08 6.626747e-08
12940 1.974487e+00 3.385074e-08 9.225391e-08 6.977753e-08
12950 1.976013e+00 3.258964e-08 9.172619e-08 7.327666e-08
12960 1.977539e+00 3.134875e-08 9.085982e-08 7.666775e-08
12970 1.979065e+00 3.014427e-08 8.966430e-08 7.987460e-08
12980 1.980591e+00 2.899264e-08 8.815169e-08 8.283784e-08
12990 1.982117e+00 2.791025e-08 8.633640e-08 8.551157e-08
13000 1.983643e+00 2.691270e-08 8.423511e-08 8.786072e-08
13010 1.985168e+00 2.601488e-08 8.186667e-08 8.985903e-08
13020 1.986694e+00 2.522951e-08 7.925201e-08 9.148755e-08
13030 1.988220e+00 2.456634e-08 7.641415e-08 9.273342e-08
13040 1.989746e+00 2.403249e-08 7.337824e-08 9.358902e-08
13050 1.991272e+00 2.363034e-08 7.017165e-08 9.405126e-08
13060 1.992798e+00 2.335816e-08 6.682413e-08 9.412103e-08
13070 1.994324e+00 2.320948e-08 6.336813e-08 9.380277e-08
13080 1.995850e+00 2.317465e-08 5.983918e-08 9.310411e-08
13090 1.997375e+00 2.323977e-08 5.627645e-08 9.203559e-08
13100 1.998901e+00 2.338943e-08 5.272351e-08 9.061038e-08
13110 2.000427e+00 2.360599e-08 4.922925e-08 8.884413e-08
13120 2.001953e+00 2.387210e-08 4.584887e-08 8.675475e-08
13130 2.003479e+00 2.417086e-08 4.264493e-08 8.436231e-08
13140 2.005005e+00 2.448545e-08 3.968783e-08 8.168893e-08
13150 2.006531e+00 2.480131e-08 3.705500e-08 7.875873e-08
13160 2.008057e+00 2.510479e-08 3.482768e-08 7.559779e-08
13170 2.009583e+00 2.538388e-08 3.308383e-08 7.223427e-08
13180 2.011108e+00 2.562857e-08 3.188678e-08 6.869846e-08
13190 2.012634e+00 2.583065e-08 3.127176e-08 6.502308e-08
13200 2.014160e+00 2.598250e-08 3.123533e-08 6.124359e-08
13210 2.015686e+00 2.607911e-08 3.173346e-08 5.739882e-08
13220 2.017212e+00 2.611566e-08 3.268971e-08 5.353170e-08
13230 2.018738e+00 2.608958e-08 3.400974e-08 4.969035e-08
13240 2.020264e+00 2.599870e-08 3.559563e-08 4.592958e-08
13250 2.021790e+00 2.584258e-08 3.735592e-08 4.231258e-08
13260 2.023315e+00 2.562103e-08 3.921076e-08 3.891279e-08
13270 2.024841e+00 2.533521e-08 4.109316e-08 3.581522e-08
13280 2.026367e+00 2.498671e-08 4.294835e-08 3.311576e-08
13290 2.027893e+00 2.457851e-08 4.473212e-08 3.091613e-08
13300 2.029419e+00 2.411374e-08 4.640918e-08 2.931168e-08
13310 2.030945e+00 2.359673e-08 4.795147e-08 2.837175e-08
13320 2.032471e+00 2.303175e-08 4.933696e-08 2.811834e-08
13330 2.033997e+00 2.242440e-08 5.054853e-08 2.851479e-08
13340 2.035522e+00 2.178057e-08 5.157318e-08 2.947280e-08
13350 2.037048e+00 2.110674e-08 5.240138e-08 3.087386e-08
13360 2.038574e+00 2.040992e-08 5.302656e-08 3.259307e-08
13370 2.040100e+00 1.969776e-08 5.344476e-08 3.451555e-08
13380 2.041626e+00 1.897843e-08 5.365428e-08 3.654385e-08
13390 2.043152e+00 1.826056e-08 5.365547e-08 3.859904e-08
13400 2.044678e+00 1.755322e-08 5.345048e-08 4.061873e-08
13410 2.046204e+00 1.686601e-08 5.304316e-08 4.255417e-08
13420 2.047729e+00 1.620851e-08 5.243885e-08 4.436753e-08
13430 2.049255e+00 1.559055e-08 5.164434e-08 4.602951e-08
13440 2.050781e+00 1.502182e-08 5.066769e-08 4.751766e-08
13450 2.052307e+00 1.451109e-08 4.951822e-08 4.881494e-08
13460 2.053833e+00 1.406648e-08 4.820643e-08 4.990874e-08
13470 2.055359e+00 1.369448e-08 4.674392e-08 5.079014e-08
13480 2.056885e+00 1.339944e-08 4.514341e-08 5.145331e-08
13490 2.058411e+00 1.318297e-08 4.341872e-08 5.189509e-08
13500 2.059937e+00 1.304483e-08 4.158478e-08 5.211467e-08
13510 2.061462e+00 1.298103e-08 3.965776e-08 5.211333e-08
13520 2.062988e+00 1.298578e-08 3.765510e-08 5.189415e-08
13530 2.064514e+00 1.305116e-08 3.559577e-08 5.146196e-08
13540 2.066040e+00 1.316776e-08 3.350049e-08 5.082308e-08
13550 2.067566e+00 1.332473e-08 3.139214e-08 4.998531e-08
13560 2.069092e+00 1.351143e-08 2.929616e-08 4.895773e-08
13570 2.070618e+00 1.371822e-08 2.724131e-08 4.775068e-08
13580 2.072144e+00 1.393461e-08 2.526027e-08 4.637568e-08
13590 2.073669e+00 1.415172e-08 2.339042e-08 4.484539e-08
13600 2.075195e+00 1.436174e-08 2.167424e-08 4.317359e-08
13610 2.076721e+00 1.455760e-08 2.015887e-08 4.137520e-08
13615 2.077484e+00 1.464797e-08 1.949202e-08 4.043351e-08
