TITLE = "Cavity Iterative Residual History"
variables="Iteration""Time(s)""Res1""Res2""Res3"
1 6.103516e-04 4.667025e-01 6.719936e+01 3.448967e-01
10 6.103516e-03 3.134766e+00 1.030812e+01 4.396207e+00
20 1.220703e-02 2.654022e+00 4.444775e+00 3.815657e+00
30 1.825706e-02 2.149795e+00 1.892172e+00 3.737696e+00
40 2.425671e-02 1.668540e+00 1.811214e+00 3.761878e+00
50 3.025636e-02 1.326158e+00 2.627123e+00 3.671927e+00
60 3.625601e-02 1.106110e+00 3.137622e+00 3.555704e+00
70 4.225566e-02 6.950570e-01 3.319138e+00 3.402609e+00
80 4.825531e-02 1.019929e+00 3.339712e+00 3.174065e+00
90 5.425496e-02 1.369689e+00 3.334049e+00 2.838702e+00
100 6.025461e-02 9.343392e-01 3.330091e+00 2.361211e+00
110 6.625426e-02 1.149437e+00 3.229879e+00 1.774858e+00
120 7.225391e-02 1.414077e+00 2.881018e+00 1.401739e+00
130 7.825357e-02 1.467021e+00 2.312293e+00 1.506554e+00
140 8.425322e-02 1.374553e+00 1.874068e+00 1.758251e+00
150 9.025287e-02 1.166954e+00 1.761944e+00 1.917000e+00
160 9.625252e-02 8.935064e-01 1.772140e+00 1.913181e+00
170 1.022522e-01 6.874388e-01 1.785508e+00 1.822852e+00
180 1.082518e-01 7.082549e-01 1.804905e+00 1.775291e+00
190 1.142515e-01 7.990341e-01 1.774774e+00 1.734797e+00
200 1.202470e-01 7.888203e-01 1.665733e+00 1.578583e+00
210 1.262218e-01 6.925377e-01 1.500015e+00 1.261182e+00
220 1.321815e-01 5.900420e-01 1.280035e+00 8.844378e-01
230 1.381334e-01 5.301359e-01 1.012755e+00 6.752735e-01
240 1.440796e-01 4.931554e-01 7.686920e-01 6.975528e-01
250 1.500197e-01 4.555685e-01 6.299980e-01 7.542888e-01
260 1.559539e-01 4.125179e-01 5.892087e-01 7.640711e-01
270 1.618849e-01 3.605757e-01 5.778874e-01 7.493998e-01
280 1.678154e-01 3.193652e-01 5.710029e-01 7.384900e-01
290 1.737460e-01 3.085851e-01 5.794274e-01 7.354011e-01
300 1.796766e-01 3.051630e-01 6.020812e-01 7.275319e-01
310 1.856072e-01 2.830385e-01 6.175490e-01 7.026919e-01
320 1.915377e-01 2.456163e-01 6.038423e-01 6.576341e-01
330 1.974683e-01 2.133078e-01 5.534637e-01 5.969245e-01
340 2.033989e-01 2.003791e-01 4.766887e-01 5.296282e-01
350 2.093295e-01 2.022593e-01 3.944587e-01 4.669075e-01
360 2.152600e-01 2.078734e-01 3.233805e-01 4.180933e-01
370 2.211906e-01 2.122969e-01 2.649277e-01 3.860268e-01
380 2.271212e-01 2.139609e-01 2.126982e-01 3.673356e-01
390 2.330518e-01 2.096274e-01 1.667196e-01 3.576359e-01
400 2.389823e-01 1.954536e-01 1.354575e-01 3.548254e-01
410 2.449129e-01 1.710721e-01 1.252573e-01 3.581927e-01
420 2.508435e-01 1.416116e-01 1.303451e-01 3.663110e-01
430 2.567741e-01 1.158669e-01 1.398852e-01 3.758785e-01
440 2.627046e-01 1.003341e-01 1.474054e-01 3.818586e-01
450 2.686352e-01 9.362281e-02 1.507515e-01 3.787292e-01
460 2.745658e-01 9.070332e-02 1.497973e-01 3.622659e-01
470 2.804964e-01 8.990340e-02 1.448697e-01 3.310035e-01
480 2.864269e-01 9.176856e-02 1.359609e-01 2.868492e-01
490 2.923575e-01 9.547419e-02 1.227672e-01 2.349964e-01
500 2.982881e-01 9.879039e-02 1.052242e-01 1.838717e-01
510 3.042187e-01 9.962083e-02 8.401607e-02 1.456401e-01
520 3.101492e-01 9.656652e-02 6.094140e-02 1.330647e-01
530 3.160798e-01 8.899804e-02 3.991518e-02 1.453160e-01
540 3.220104e-01 7.726783e-02 3.041330e-02 1.670186e-01
550 3.279409e-01 6.287352e-02 3.922314e-02 1.854467e-01
560 3.338715e-01 4.839067e-02 5.431601e-02 1.946876e-01
570 3.398021e-01 3.728691e-02 6.750725e-02 1.930107e-01
580 3.457327e-01 3.283526e-02 7.639457e-02 1.810285e-01
590 3.516632e-01 3.466189e-02 8.040101e-02 1.607693e-01
600 3.575938e-01 3.887058e-02 7.965081e-02 1.351750e-01
610 3.635244e-01 4.251147e-02 7.460871e-02 1.078719e-01
620 3.694550e-01 4.442897e-02 6.596573e-02 8.321488e-02
630 3.753855e-01 4.438539e-02 5.465200e-02 6.629508e-02
640 3.813161e-01 4.252631e-02 4.195010e-02 6.078649e-02
650 3.872467e-01 3.916738e-02 2.985606e-02 6.424850e-02
660 3.931773e-01 3.471415e-02 2.210284e-02 7.032161e-02
670 3.991078e-01 2.962931e-02 2.305229e-02 7.461816e-02
680 4.050384e-01 2.441878e-02 2.996981e-02 7.543371e-02
690 4.109690e-01 1.963139e-02 3.760528e-02 7.260223e-02
700 4.168996e-01 1.585372e-02 4.364094e-02 6.673173e-02
710 4.228301e-01 1.360075e-02 4.727485e-02 5.880506e-02
720 4.287607e-01 1.296773e-02 4.829701e-02 4.995761e-02
730 4.346913e-01 1.342245e-02 4.679652e-02 4.133968e-02
740 4.406219e-01 1.423421e-02 4.305847e-02 3.399929e-02
750 4.465524e-01 1.490666e-02 3.752831e-02 2.869357e-02
760 4.524830e-01 1.521028e-02 3.081984e-02 2.558064e-02
770 4.584136e-01 1.507983e-02 2.379815e-02 2.407367e-02
780 4.643442e-01 1.453448e-02 1.784423e-02 2.322913e-02
790 4.702747e-01 1.363348e-02 1.513316e-02 2.230241e-02
800 4.762053e-01 1.245500e-02 1.681499e-02 2.095429e-02
810 4.821359e-01 1.108948e-02 2.083455e-02 1.918216e-02
820 4.880665e-01 9.642123e-03 2.493338e-02 1.719278e-02
830 4.939970e-01 8.240778e-03 2.801279e-02 1.528753e-02
840 4.999276e-01 7.042170e-03 2.961623e-02 1.374740e-02
850 5.058582e-01 6.216051e-03 2.960464e-02 1.270703e-02
860 5.117888e-01 5.871958e-03 2.803500e-02 1.207615e-02
870 5.177193e-01 5.959774e-03 2.510843e-02 1.159472e-02
880 5.236499e-01 6.285257e-03 2.114469e-02 1.097979e-02
890 5.295805e-01 6.634922e-03 1.658255e-02 1.003761e-02
900 5.355110e-01 6.856014e-03 1.204985e-02 8.701520e-03
910 5.414416e-01 6.865538e-03 8.635551e-03 7.034783e-03
920 5.473722e-01 6.636870e-03 7.979722e-03 5.252029e-03
930 5.533028e-01 6.187602e-03 9.958620e-03 3.841423e-03
940 5.592333e-01 5.572174e-03 1.261901e-02 3.635668e-03
950 5.651639e-01 4.878460e-03 1.483985e-02 4.677387e-03
960 5.710945e-01 4.225428e-03 1.620786e-02 6.063646e-03
970 5.770251e-01 3.749760e-03 1.659717e-02 7.239256e-03
980 5.829556e-01 3.554472e-03 1.602675e-02 7.973506e-03
990 5.888862e-01 3.630946e-03 1.460841e-02 8.178847e-03
1000 5.948168e-01 3.859049e-03 1.252036e-02 7.854110e-03
1010 6.007474e-01 4.097055e-03 9.993007e-03 7.068995e-03
1020 6.066779e-01 4.243465e-03 7.315355e-03 5.965663e-03
1030 6.126085e-01 4.244868e-03 4.913299e-03 4.783603e-03
1040 6.185391e-01 4.086245e-03 3.610576e-03 3.914634e-03
1050 6.244697e-01 3.781827e-03 4.130261e-03 3.813767e-03
1060 6.304002e-01 3.369462e-03 5.501834e-03 4.473129e-03
1070 6.363308e-01 2.908299e-03 6.777825e-03 5.419513e-03
1080 6.422614e-01 2.478425e-03 7.637554e-03 6.271957e-03
1090 6.481920e-01 2.173958e-03 7.992967e-03 6.835216e-03
1100 6.541225e-01 2.066202e-03 7.848869e-03 7.025083e-03
1110 6.600531e-01 2.143300e-03 7.261179e-03 6.826589e-03
1120 6.659837e-01 2.315450e-03 6.318654e-03 6.276479e-03
1130 6.719143e-01 2.486168e-03 5.132167e-03 5.456200e-03
1140 6.778448e-01 2.591347e-03 3.830666e-03 4.493818e-03
1150 6.837754e-01 2.599098e-03 2.575904e-03 3.580848e-03
1160 6.897060e-01 2.501138e-03 1.651020e-03 2.991850e-03
1170 6.956366e-01 2.306254e-03 1.546514e-03 2.963158e-03
1180 7.015671e-01 2.036385e-03 2.097302e-03 3.392475e-03
1190 7.074977e-01 1.724869e-03 2.700633e-03 3.961183e-03
1200 7.134283e-01 1.417029e-03 3.132402e-03 4.440130e-03
1210 7.193588e-01 1.171534e-03 3.338217e-03 4.717536e-03
1220 7.252894e-01 1.048834e-03 3.319227e-03 4.751933e-03
1230 7.312200e-01 1.065055e-03 3.102907e-03 4.544881e-03
1240 7.371506e-01 1.166253e-03 2.732152e-03 4.128083e-03
1250 7.430811e-01 1.281252e-03 2.259345e-03 3.557185e-03
1260 7.490117e-01 1.363346e-03 1.743568e-03 2.910794e-03
1270 7.549423e-01 1.390386e-03 1.253622e-03 2.297296e-03
1280 7.608729e-01 1.356183e-03 8.840320e-04 1.865631e-03
1290 7.668034e-01 1.264739e-03 7.560295e-04 1.756323e-03
1300 7.727340e-01 1.127006e-03 8.593177e-04 1.937398e-03
1310 7.786646e-01 9.591485e-04 1.027624e-03 2.226432e-03
1320 7.845952e-01 7.820731e-04 1.157815e-03 2.478050e-03
1330 7.905257e-01 6.224309e-04 1.218604e-03 2.621263e-03
1340 7.964563e-01 5.128981e-04 1.209311e-03 2.630997e-03
1350 8.023869e-01 4.789349e-04 1.142809e-03 2.508750e-03
1360 8.083175e-01 5.094464e-04 1.038487e-03 2.273179e-03
1370 8.142480e-01 5.649220e-04 9.180855e-04 1.955332e-03
1380 8.201786e-01 6.131616e-04 8.020336e-04 1.596855e-03
1390 8.261092e-01 6.380449e-04 7.053301e-04 1.251921e-03
1400 8.320398e-01 6.341753e-04 6.335227e-04 9.921904e-04
1410 8.379703e-01 6.023940e-04 5.818879e-04 8.909233e-04
1420 8.439009e-01 5.473425e-04 5.402704e-04 9.469351e-04
1430 8.498315e-01 4.761223e-04 5.004615e-04 1.071341e-03
1440 8.557621e-01 3.975807e-04 4.609746e-04 1.183843e-03
1450 8.616926e-01 3.220887e-04 4.276666e-04 1.244716e-03
1460 8.676232e-01 2.614332e-04 4.103135e-04 1.240666e-03
1470 8.735538e-01 2.265752e-04 4.152276e-04 1.173147e-03
1480 8.794844e-01 2.199882e-04 4.388284e-04 1.052547e-03
1490 8.854149e-01 2.311976e-04 4.694426e-04 8.952577e-04
1500 8.913455e-01 2.461673e-04 4.941063e-04 7.224541e-04
1510 8.972761e-01 2.558231e-04 5.029575e-04 5.607240e-04
1520 9.032067e-01 2.563907e-04 4.903836e-04 4.435589e-04
1530 9.091372e-01 2.474724e-04 4.548633e-04 4.010198e-04
1540 9.150678e-01 2.306065e-04 3.986092e-04 4.250318e-04
1550 9.209984e-01 2.083823e-04 3.275125e-04 4.727882e-04
1560 9.269289e-01 1.838489e-04 2.521728e-04 5.102514e-04
1570 9.328595e-01 1.600446e-04 1.916729e-04 5.221343e-04
1580 9.387901e-01 1.395265e-04 1.746349e-04 5.047531e-04
1590 9.447207e-01 1.238495e-04 2.070758e-04 4.608759e-04
1600 9.506512e-01 1.131685e-04 2.591469e-04 3.971870e-04
1610 9.565818e-01 1.063738e-04 3.068333e-04 3.231285e-04
1620 9.625124e-01 1.018559e-04 3.390788e-04 2.507944e-04
1630 9.684430e-01 9.833449e-05 3.513564e-04 1.955714e-04
1640 9.743735e-01 9.520413e-05 3.427037e-04 1.725429e-04
1650 9.803041e-01 9.239703e-05 3.146098e-04 1.804976e-04
1660 9.862347e-01 9.002664e-05 2.705098e-04 2.000530e-04
1670 9.921653e-01 8.805531e-05 2.156333e-04 2.146581e-04
1680 9.980958e-01 8.614565e-05 1.576444e-04 2.168409e-04
1690 1.004026e+00 8.373431e-05 1.099645e-04 2.048999e-04
1700 1.009957e+00 8.023885e-05 9.635197e-05 1.803923e-04
1710 1.015888e+00 7.527026e-05 1.217052e-04 1.469963e-04
1720 1.021818e+00 6.878087e-05 1.587267e-04 1.103416e-04
1730 1.027749e+00 6.114699e-05 1.904333e-04 7.933438e-05
1740 1.033679e+00 5.321367e-05 2.106374e-04 6.760839e-05
1750 1.039610e+00 4.628908e-05 2.173275e-04 7.894812e-05
1760 1.045540e+00 4.190236e-05 2.105656e-04 9.808654e-05
1770 1.051471e+00 4.099027e-05 1.917815e-04 1.134784e-04
1780 1.057402e+00 4.300231e-05 1.634364e-04 1.207025e-04
1790 1.063332e+00 4.628376e-05 1.288828e-04 1.186029e-04
1800 1.069263e+00 4.920351e-05 9.264625e-05 1.077096e-04
1810 1.075193e+00 5.068195e-05 6.226686e-05 8.967705e-05
1820 1.081124e+00 5.019033e-05 5.202182e-05 6.714985e-05
1830 1.087054e+00 4.763835e-05 6.613905e-05 4.444525e-05
1840 1.092985e+00 4.328812e-05 8.726107e-05 3.126968e-05
1850 1.098916e+00 3.771073e-05 1.049618e-04 3.888680e-05
1860 1.104846e+00 3.178896e-05 1.158343e-04 5.578778e-05
1870 1.110777e+00 2.674225e-05 1.189579e-04 7.112610e-05
1880 1.116707e+00 2.394325e-05 1.145745e-04 8.145415e-05
1890 1.122638e+00 2.404976e-05 1.036568e-04 8.567323e-05
1900 1.128568e+00 2.621931e-05 8.769996e-05 8.372208e-05
1910 1.134499e+00 2.893593e-05 6.862311e-05 7.624369e-05
1920 1.140430e+00 3.105086e-05 4.889249e-05 6.446702e-05
1930 1.146360e+00 3.194914e-05 3.244365e-05 5.024004e-05
1940 1.152291e+00 3.140614e-05 2.663710e-05 3.646607e-05
1950 1.158221e+00 2.946819e-05 3.359942e-05 2.832894e-05
1960 1.164152e+00 2.638526e-05 4.406635e-05 3.080581e-05
1970 1.170082e+00 2.258104e-05 5.259509e-05 3.980020e-05
1980 1.176013e+00 1.865879e-05 5.751830e-05 4.911492e-05
1990 1.181944e+00 1.542758e-05 5.847942e-05 5.593367e-05
2000 1.187874e+00 1.377236e-05 5.571936e-05 5.921266e-05
2010 1.193805e+00 1.401500e-05 4.984161e-05 5.872377e-05
2020 1.199735e+00 1.546034e-05 4.170107e-05 5.474066e-05
2030 1.205666e+00 1.711162e-05 3.236136e-05 4.791621e-05
2040 1.211597e+00 1.830137e-05 2.318753e-05 3.924536e-05
2050 1.217527e+00 1.870887e-05 1.629931e-05 3.015502e-05
2060 1.223458e+00 1.824257e-05 1.466027e-05 2.285716e-05
2070 1.229388e+00 1.696193e-05 1.782330e-05 2.036562e-05
2080 1.235319e+00 1.503523e-05 2.201086e-05 2.327094e-05
2090 1.241249e+00 1.272001e-05 2.516212e-05 2.834701e-05
2100 1.247180e+00 1.036496e-05 2.662612e-05 3.291182e-05
2110 1.253111e+00 8.427068e-06 2.632276e-05 3.577010e-05
2120 1.259041e+00 7.407317e-06 2.445325e-05 3.650684e-05
2130 1.264972e+00 7.484696e-06 2.139274e-05 3.512028e-05
2140 1.270902e+00 8.243265e-06 1.764496e-05 3.187565e-05
2150 1.276833e+00 9.106328e-06 1.384269e-05 2.723974e-05
2160 1.282763e+00 9.705604e-06 1.079250e-05 2.186633e-05
2170 1.288694e+00 9.876389e-06 9.361207e-06 1.666525e-05
2180 1.294625e+00 9.581982e-06 9.690413e-06 1.298208e-05
2190 1.300555e+00 8.866238e-06 1.084262e-05 1.224421e-05
2200 1.306486e+00 7.828255e-06 1.187760e-05 1.408019e-05
2210 1.312416e+00 6.609864e-06 1.233740e-05 1.665769e-05
2220 1.318347e+00 5.393411e-06 1.209669e-05 1.873813e-05
2230 1.324277e+00 4.403840e-06 1.121964e-05 1.980115e-05
2240 1.330208e+00 3.868070e-06 9.891679e-06 1.970070e-05
2250 1.336139e+00 3.850255e-06 8.390387e-06 1.849675e-05
2260 1.342069e+00 4.149626e-06 7.068456e-06 1.638291e-05
2270 1.348000e+00 4.496508e-06 6.283716e-06 1.365329e-05
2280 1.353930e+00 4.718190e-06 6.180275e-06 1.070061e-05
2290 1.359861e+00 4.740573e-06 6.528042e-06 8.067089e-06
2300 1.365791e+00 4.553101e-06 6.944396e-06 6.511868e-06
2310 1.371722e+00 4.184936e-06 7.151302e-06 6.562839e-06
2320 1.377653e+00 3.691569e-06 7.019009e-06 7.645490e-06
2330 1.383583e+00 3.147323e-06 6.530264e-06 8.838104e-06
2340 1.389514e+00 2.640374e-06 5.749958e-06 9.643175e-06
2350 1.395444e+00 2.262204e-06 4.812569e-06 9.878366e-06
2360 1.401375e+00 2.073995e-06 3.927288e-06 9.521867e-06
2370 1.407305e+00 2.058575e-06 3.373462e-06 8.643608e-06
2380 1.413236e+00 2.129417e-06 3.353272e-06 7.374629e-06
2390 1.419167e+00 2.196995e-06 3.744817e-06 5.895457e-06
2400 1.425097e+00 2.207020e-06 4.241696e-06 4.447249e-06
2410 1.431028e+00 2.140110e-06 4.617503e-06 3.375833e-06
2420 1.436958e+00 2.001711e-06 4.759427e-06 3.068734e-06
2430 1.442889e+00 1.813743e-06 4.630180e-06 3.464979e-06
2440 1.448819e+00 1.608482e-06 4.242368e-06 4.067878e-06
2450 1.454750e+00 1.422447e-06 3.645968e-06 4.532781e-06
2460 1.460681e+00 1.286961e-06 2.925323e-06 4.722545e-06
2470 1.466611e+00 1.214660e-06 2.211617e-06 4.606588e-06
2480 1.472542e+00 1.191909e-06 1.719930e-06 4.211122e-06
2490 1.478472e+00 1.188583e-06 1.689354e-06 3.598364e-06
2500 1.484403e+00 1.175914e-06 2.039235e-06 2.858644e-06
2510 1.490333e+00 1.136666e-06 2.475768e-06 2.116502e-06
2520 1.496264e+00 1.066543e-06 2.821127e-06 1.562439e-06
2530 1.502195e+00 9.721688e-07 3.001590e-06 1.432905e-06
2540 1.508125e+00 8.685311e-07 2.994662e-06 1.689358e-06
2550 1.514056e+00 7.758294e-07 2.807319e-06 2.037326e-06
2560 1.519986e+00 7.135588e-07 2.467109e-06 2.295542e-06
2570 1.525917e+00 6.906301e-07 2.018359e-06 2.397747e-06
2580 1.531848e+00 6.986919e-07 1.524063e-06 2.331059e-06
2590 1.537778e+00 7.180560e-07 1.083325e-06 2.111042e-06
2600 1.543709e+00 7.294621e-07 8.687006e-07 1.772077e-06
2610 1.549639e+00 7.204653e-07 9.907925e-07 1.364615e-06
2620 1.555570e+00 6.862473e-07 1.271050e-06 9.631661e-07
2630 1.561500e+00 6.285570e-07 1.533974e-06 7.004625e-07
2640 1.567431e+00 5.546547e-07 1.708746e-06 7.307793e-07
2650 1.573362e+00 4.767071e-07 1.771871e-06 9.516313e-07
2660 1.579292e+00 4.110494e-07 1.721809e-06 1.177885e-06
2670 1.585223e+00 3.743171e-07 1.570435e-06 1.331315e-06
2680 1.591153e+00 3.729660e-07 1.339344e-06 1.387004e-06
2690 1.597084e+00 3.962568e-07 1.058464e-06 1.342717e-06
2700 1.603014e+00 4.256671e-07 7.688207e-07 1.209496e-06
2710 1.608945e+00 4.464859e-07 5.377658e-07 1.008146e-06
2720 1.614876e+00 4.506087e-07 4.736161e-07 7.688597e-07
2730 1.620806e+00 4.353195e-07 5.859539e-07 5.379565e-07
2740 1.626737e+00 4.018956e-07 7.458132e-07 4.018570e-07
2750 1.632667e+00 3.547451e-07 8.758201e-07 4.469393e-07
2760 1.638598e+00 3.010640e-07 9.491122e-07 5.919568e-07
2770 1.644528e+00 2.509121e-07 9.589163e-07 7.327972e-07
2780 1.650459e+00 2.165829e-07 9.084055e-07 8.284867e-07
2790 1.656390e+00 2.072569e-07 8.071026e-07 8.657388e-07
2800 1.662320e+00 2.198540e-07 6.692362e-07 8.434164e-07
2810 1.668251e+00 2.414982e-07 5.134975e-07 7.678396e-07
2820 1.674181e+00 2.604337e-07 3.660390e-07 6.509823e-07
2830 1.680112e+00 2.699073e-07 2.704638e-07 5.102103e-07
2840 1.686042e+00 2.671955e-07 2.737071e-07 3.712011e-07
2850 1.691973e+00 2.523152e-07 3.437822e-07 2.779248e-07
2860 1.697904e+00 2.272428e-07 4.192074e-07 2.811716e-07
2870 1.703834e+00 1.955265e-07 4.720445e-07 3.554262e-07
2880 1.709765e+00 1.622182e-07 4.933668e-07 4.388238e-07
2890 1.715695e+00 1.339953e-07 4.823582e-07 5.008248e-07
2900 1.721626e+00 1.182067e-07 4.426496e-07 5.304461e-07
2910 1.727556e+00 1.180592e-07 3.808623e-07 5.253527e-07
2920 1.733487e+00 1.284434e-07 3.060478e-07 4.881567e-07
2930 1.739418e+00 1.410765e-07 2.302177e-07 4.249842e-07
2940 1.745348e+00 1.501513e-07 1.709564e-07 3.449609e-07
2950 1.751279e+00 1.528567e-07 1.508604e-07 2.608991e-07
2960 1.757209e+00 1.484234e-07 1.712974e-07 1.927118e-07
2970 1.763140e+00 1.374281e-07 2.054733e-07 1.689524e-07
2980 1.769070e+00 1.214119e-07 2.335532e-07 1.955140e-07
2990 1.775001e+00 1.027052e-07 2.476631e-07 2.407856e-07
3000 1.780932e+00 8.441955e-08 2.458736e-07 2.801304e-07
3010 1.786862e+00 7.041690e-08 2.293340e-07 3.033849e-07
3020 1.792793e+00 6.421497e-08 2.011468e-07 3.073934e-07
3030 1.798723e+00 6.597330e-08 1.659327e-07 2.925993e-07
3040 1.804654e+00 7.187402e-08 1.299456e-07 2.617476e-07
3050 1.810585e+00 7.773752e-08 1.017695e-07 2.193249e-07
3060 1.816515e+00 8.105243e-08 9.093087e-08 1.715194e-07
3070 1.822446e+00 8.078097e-08 9.817543e-08 1.271759e-07
3080 1.828376e+00 7.684919e-08 1.128550e-07 9.988994e-08
3090 1.834307e+00 6.982249e-08 1.254695e-07 1.013925e-07
3100 1.840237e+00 6.073013e-08 1.315337e-07 1.221647e-07
3110 1.846168e+00 5.098696e-08 1.296989e-07 1.450684e-07
3120 1.852099e+00 4.236008e-08 1.203990e-07 1.612277e-07
3130 1.858029e+00 3.673827e-08 1.052455e-07 1.674181e-07
3140 1.863960e+00 3.515991e-08 8.681167e-08 1.631326e-07
3150 1.869890e+00 3.670806e-08 6.874747e-08 1.494176e-07
3160 1.875821e+00 3.930638e-08 5.603397e-08 1.283830e-07
3170 1.881751e+00 4.126406e-08 5.318472e-08 1.030218e-07
3180 1.887682e+00 4.169979e-08 5.888565e-08 7.742682e-08
3190 1.893613e+00 4.035547e-08 6.723648e-08 5.775781e-08
3200 1.899543e+00 3.739018e-08 7.375851e-08 5.186825e-08
3210 1.905474e+00 3.325143e-08 7.636587e-08 5.973015e-08
3220 1.911404e+00 2.860261e-08 7.445557e-08 7.194992e-08
3230 1.917335e+00 2.427310e-08 6.832653e-08 8.188479e-08
3240 1.923265e+00 2.114060e-08 5.891406e-08 8.688830e-08
3250 1.929196e+00 1.977069e-08 4.771566e-08 8.626974e-08
3260 1.935127e+00 1.995294e-08 3.694510e-08 8.036082e-08
3270 1.941057e+00 2.084484e-08 2.984695e-08 7.014385e-08
3280 1.946988e+00 2.160586e-08 2.934030e-08 5.709686e-08
3290 1.952918e+00 2.172633e-08 3.398358e-08 4.323351e-08
3300 1.958849e+00 2.101806e-08 3.978053e-08 3.154017e-08
3310 1.964779e+00 1.952919e-08 4.416012e-08 2.640404e-08
3320 1.970710e+00 1.747723e-08 4.601959e-08 2.947001e-08
3330 1.976641e+00 1.520621e-08 4.506260e-08 3.600547e-08
3340 1.982571e+00 1.314829e-08 4.147442e-08 4.177383e-08
3350 1.988502e+00 1.173537e-08 3.578099e-08 4.501980e-08
3360 1.994432e+00 1.119441e-08 2.880430e-08 4.523093e-08
3370 2.000363e+00 1.136052e-08 2.174860e-08 4.251007e-08
3380 2.006293e+00 1.180391e-08 1.652222e-08 3.733833e-08
3390 2.012224e+00 1.212084e-08 1.547210e-08 3.047811e-08
3400 2.018155e+00 1.206927e-08 1.830092e-08 2.298472e-08
3410 2.024085e+00 1.156485e-08 2.221907e-08 1.645413e-08
3420 2.030016e+00 1.064499e-08 2.538835e-08 1.343612e-08
3430 2.035946e+00 9.440094e-09 2.705822e-08 1.519620e-08
3440 2.041877e+00 8.155403e-09 2.700999e-08 1.901373e-08
3450 2.047807e+00 7.051753e-09 2.531690e-08 2.240777e-08
3460 2.053738e+00 6.383098e-09 2.224832e-08 2.438864e-08
3470 2.059669e+00 6.250226e-09 1.822994e-08 2.466610e-08
3480 2.065599e+00 6.501494e-09 1.385964e-08 2.328684e-08
3490 2.071530e+00 6.859371e-09 1.005372e-08 2.050634e-08
3500 2.077460e+00 7.094467e-09 8.271216e-09 1.673780e-08
3510 2.083391e+00 7.079928e-09 9.276566e-09 1.256107e-08
3520 2.089321e+00 6.776886e-09 1.157789e-08 8.875654e-09
3530 2.095252e+00 6.212869e-09 1.371737e-08 7.204549e-09
3540 2.101183e+00 5.466693e-09 1.507908e-08 8.350412e-09
3550 2.107113e+00 4.661517e-09 1.546180e-08 1.066279e-08
3560 2.113044e+00 3.959846e-09 1.486478e-08 1.270897e-08
3570 2.118974e+00 3.533844e-09 1.341015e-08 1.393923e-08
3580 2.124905e+00 3.466508e-09 1.130976e-08 1.419065e-08
3590 2.130836e+00 3.664084e-09 8.857449e-09 1.348524e-08
3599 2.136173e+00 3.913565e-09 6.688579e-09 1.214495e-08
