TITLE = "Cavity Iterative Residual History"
variables="Iteration""Time(s)""Res1""Res2""Res3"
1 3.814697e-05 9.856170e-02 5.636730e+02 1.796849e-02
100 3.814697e-03 3.579289e+00 1.556661e+01 2.755739e+00
200 7.629395e-03 2.861786e+00 8.327954e+00 2.785178e+00
300 1.144409e-02 2.501073e+00 5.417838e+00 2.834008e+00
400 1.525879e-02 2.258671e+00 3.707580e+00 2.908979e+00
500 1.907349e-02 2.047140e+00 2.557659e+00 2.976735e+00
600 2.288818e-02 1.819199e+00 1.888516e+00 3.011428e+00
700 2.670288e-02 1.573661e+00 1.634851e+00 3.027276e+00
800 3.051758e-02 1.331377e+00 1.584801e+00 3.039749e+00
900 3.433228e-02 1.110400e+00 1.576904e+00 3.049033e+00
1000 3.814697e-02 9.199579e-01 1.561145e+00 3.048509e+00
1100 4.196167e-02 7.623659e-01 1.535627e+00 3.033024e+00
1200 4.577637e-02 6.357166e-01 1.507445e+00 3.001335e+00
1300 4.959106e-02 5.359914e-01 1.481813e+00 2.955290e+00
1400 5.340576e-02 4.583541e-01 1.460921e+00 2.898193e+00
1500 5.722046e-02 3.980004e-01 1.444911e+00 2.833486e+00
1600 6.103516e-02 3.505653e-01 1.432896e+00 2.764081e+00
1700 6.484985e-02 3.125278e-01 1.423668e+00 2.692168e+00
1800 6.866455e-02 2.817147e-01 1.416117e+00 2.619263e+00
1900 7.247925e-02 2.578639e-01 1.409329e+00 2.546325e+00
2000 7.629395e-02 2.424597e-01 1.402629e+00 2.473815e+00
2100 8.010864e-02 2.365029e-01 1.395522e+00 2.401509e+00
2200 8.392334e-02 2.373267e-01 1.387601e+00 2.327908e+00
2300 8.773804e-02 2.388875e-01 1.378385e+00 2.249052e+00
2400 9.155273e-02 2.360113e-01 1.367069e+00 2.157043e+00
2500 9.536743e-02 2.278038e-01 1.352233e+00 2.039632e+00
2600 9.918213e-02 2.174710e-01 1.331736e+00 1.883342e+00
2700 1.029968e-01 2.095714e-01 1.303162e+00 1.681691e+00
2800 1.068115e-01 2.069196e-01 1.264981e+00 1.445183e+00
2900 1.106262e-01 2.089992e-01 1.217730e+00 1.203420e+00
3000 1.144409e-01 2.147830e-01 1.164080e+00 9.920000e-01
3100 1.182556e-01 2.230227e-01 1.107521e+00 8.330482e-01
3200 1.220703e-01 2.315179e-01 1.050924e+00 7.274389e-01
3300 1.258850e-01 2.388411e-01 9.958376e-01 6.627370e-01
3400 1.296997e-01 2.443035e-01 9.425670e-01 6.247215e-01
3500 1.335144e-01 2.476054e-01 8.905649e-01 6.030735e-01
3600 1.373291e-01 2.486857e-01 8.389320e-01 5.916188e-01
3700 1.411438e-01 2.475974e-01 7.869067e-01 5.869022e-01
3800 1.449585e-01 2.444629e-01 7.342316e-01 5.868433e-01
3900 1.487732e-01 2.395355e-01 6.813802e-01 5.901225e-01
4000 1.525879e-01 2.331376e-01 6.295371e-01 5.958157e-01
4100 1.564026e-01 2.256109e-01 5.803545e-01 6.031514e-01
4200 1.602173e-01 2.173297e-01 5.355405e-01 6.113518e-01
4300 1.640320e-01 2.086817e-01 4.964342e-01 6.196661e-01
4400 1.678467e-01 2.000298e-01 4.636700e-01 6.273868e-01
4500 1.716614e-01 1.916683e-01 4.370374e-01 6.338743e-01
4600 1.754761e-01 1.838179e-01 4.156126e-01 6.385893e-01
4700 1.792908e-01 1.766256e-01 3.980971e-01 6.411486e-01
4800 1.831055e-01 1.701601e-01 3.831844e-01 6.413414e-01
4900 1.869202e-01 1.644237e-01 3.698226e-01 6.391243e-01
5000 1.907349e-01 1.593634e-01 3.573275e-01 6.345975e-01
5100 1.945496e-01 1.548932e-01 3.453701e-01 6.279739e-01
5200 1.983643e-01 1.508919e-01 3.338914e-01 6.195478e-01
5300 2.021790e-01 1.472339e-01 3.229907e-01 6.096575e-01
5400 2.059937e-01 1.437784e-01 3.128250e-01 5.986522e-01
5500 2.098083e-01 1.404035e-01 3.035286e-01 5.868631e-01
5600 2.136230e-01 1.369998e-01 2.951733e-01 5.745810e-01
5700 2.174377e-01 1.334920e-01 2.877552e-01 5.620415e-01
5800 2.212524e-01 1.298437e-01 2.812127e-01 5.494196e-01
5900 2.250671e-01 1.260599e-01 2.754558e-01 5.368309e-01
6000 2.288818e-01 1.221908e-01 2.703948e-01 5.243380e-01
6100 2.326965e-01 1.183201e-01 2.659586e-01 5.119630e-01
6200 2.365112e-01 1.145531e-01 2.620978e-01 4.996977e-01
6300 2.403259e-01 1.110027e-01 2.587752e-01 4.875160e-01
6400 2.441406e-01 1.077669e-01 2.559530e-01 4.753814e-01
6500 2.479553e-01 1.049161e-01 2.535768e-01 4.632522e-01
6600 2.517700e-01 1.024803e-01 2.515715e-01 4.510887e-01
6700 2.555847e-01 1.004481e-01 2.498377e-01 4.388525e-01
6800 2.593994e-01 9.877032e-02 2.482598e-01 4.265115e-01
6900 2.632141e-01 9.737758e-02 2.467170e-01 4.140429e-01
7000 2.670288e-01 9.618084e-02 2.450949e-01 4.014341e-01
7100 2.708435e-01 9.509983e-02 2.432912e-01 3.886831e-01
7200 2.746582e-01 9.406363e-02 2.412255e-01 3.758027e-01
7300 2.784729e-01 9.301507e-02 2.388407e-01 3.628185e-01
7400 2.822876e-01 9.191332e-02 2.361009e-01 3.497654e-01
7500 2.861023e-01 9.073700e-02 2.329912e-01 3.366875e-01
7600 2.899170e-01 8.947487e-02 2.295153e-01 3.236340e-01
7700 2.937317e-01 8.812619e-02 2.256908e-01 3.106558e-01
7800 2.975464e-01 8.669326e-02 2.215455e-01 2.978015e-01
7900 3.013611e-01 8.518253e-02 2.171124e-01 2.851146e-01
8000 3.051758e-01 8.360347e-02 2.124286e-01 2.726329e-01
8100 3.089905e-01 8.196259e-02 2.075319e-01 2.603863e-01
8200 3.128052e-01 8.026601e-02 2.024596e-01 2.483981e-01
8300 3.166199e-01 7.851635e-02 1.972462e-01 2.366842e-01
8400 3.204346e-01 7.671589e-02 1.919216e-01 2.252545e-01
8500 3.242493e-01 7.486745e-02 1.865126e-01 2.141151e-01
8600 3.280640e-01 7.297199e-02 1.810435e-01 2.032711e-01
8700 3.318787e-01 7.103049e-02 1.755353e-01 1.927264e-01
8800 3.356934e-01 6.904516e-02 1.700064e-01 1.824860e-01
8900 3.395081e-01 6.701963e-02 1.644751e-01 1.725589e-01
9000 3.433228e-01 6.495590e-02 1.589580e-01 1.629563e-01
9100 3.471375e-01 6.285939e-02 1.534701e-01 1.536913e-01
9200 3.509521e-01 6.073661e-02 1.480266e-01 1.447823e-01
9300 3.547668e-01 5.859453e-02 1.426436e-01 1.362509e-01
9400 3.585815e-01 5.644029e-02 1.373371e-01 1.281206e-01
9500 3.623962e-01 5.428169e-02 1.321240e-01 1.204156e-01
9600 3.662109e-01 5.212633e-02 1.270212e-01 1.131605e-01
9700 3.700256e-01 4.998207e-02 1.220456e-01 1.063778e-01
9800 3.738403e-01 4.785676e-02 1.172142e-01 1.000872e-01
9900 3.776550e-01 4.575801e-02 1.125432e-01 9.430394e-02
10000 3.814697e-01 4.369326e-02 1.080479e-01 8.903714e-02
10100 3.852844e-01 4.166988e-02 1.037417e-01 8.428904e-02
10200 3.890991e-01 3.969549e-02 9.963630e-02 8.005483e-02
10300 3.929138e-01 3.777658e-02 9.574139e-02 7.632137e-02
10400 3.967285e-01 3.592014e-02 9.206349e-02 7.306718e-02
10500 4.005432e-01 3.413297e-02 8.860672e-02 7.026363e-02
10600 4.043579e-01 3.242173e-02 8.537290e-02 6.787591e-02
10700 4.081726e-01 3.079282e-02 8.236140e-02 6.586450e-02
10800 4.119873e-01 2.925211e-02 7.956892e-02 6.418679e-02
10900 4.158020e-01 2.780485e-02 7.698957e-02 6.279884e-02
11000 4.196167e-01 2.645551e-02 7.461504e-02 6.165698e-02
11100 4.234314e-01 2.520745e-02 7.243474e-02 6.071904e-02
11200 4.272461e-01 2.406298e-02 7.043624e-02 5.994551e-02
11300 4.310608e-01 2.302290e-02 6.860566e-02 5.930022e-02
11400 4.348755e-01 2.208661e-02 6.692812e-02 5.875071e-02
11500 4.386902e-01 2.125184e-02 6.538816e-02 5.826842e-02
11600 4.425049e-01 2.051468e-02 6.397009e-02 5.782862e-02
11700 4.463196e-01 1.986967e-02 6.265832e-02 5.741027e-02
11800 4.501343e-01 1.930995e-02 6.143774e-02 5.699576e-02
11900 4.539490e-01 1.882756e-02 6.029397e-02 5.657059e-02
12000 4.577637e-01 1.841377e-02 5.921357e-02 5.612309e-02
12100 4.615784e-01 1.805936e-02 5.818424e-02 5.564417e-02
12200 4.653931e-01 1.775496e-02 5.719479e-02 5.512690e-02
12300 4.692078e-01 1.749144e-02 5.623525e-02 5.456630e-02
12400 4.730225e-01 1.726013e-02 5.529686e-02 5.395907e-02
12500 4.768372e-01 1.705307e-02 5.437198e-02 5.330336e-02
12600 4.806519e-01 1.686308e-02 5.345414e-02 5.259858e-02
12700 4.844666e-01 1.668386e-02 5.253796e-02 5.184524e-02
12800 4.882813e-01 1.650996e-02 5.161904e-02 5.104476e-02
12900 4.920959e-01 1.633685e-02 5.069392e-02 5.019928e-02
13000 4.959106e-01 1.616078e-02 4.975993e-02 4.931158e-02
13100 4.997253e-01 1.597880e-02 4.881517e-02 4.838493e-02
13200 5.035400e-01 1.578865e-02 4.785836e-02 4.742299e-02
13300 5.073547e-01 1.558865e-02 4.688879e-02 4.642972e-02
13400 5.111694e-01 1.537767e-02 4.590624e-02 4.540927e-02
13500 5.149841e-01 1.515503e-02 4.491094e-02 4.436589e-02
13600 5.187988e-01 1.492045e-02 4.390346e-02 4.330388e-02
13700 5.226135e-01 1.467396e-02 4.288470e-02 4.222754e-02
13800 5.264282e-01 1.441586e-02 4.185582e-02 4.114110e-02
13900 5.302429e-01 1.414666e-02 4.081823e-02 4.004871e-02
14000 5.340576e-01 1.386703e-02 3.977349e-02 3.895437e-02
14100 5.378723e-01 1.357777e-02 3.872331e-02 3.786191e-02
14200 5.416870e-01 1.327981e-02 3.766951e-02 3.677498e-02
14300 5.455017e-01 1.297410e-02 3.661394e-02 3.569700e-02
14400 5.493164e-01 1.266168e-02 3.555854e-02 3.463120e-02
14500 5.531311e-01 1.234357e-02 3.450521e-02 3.358054e-02
14600 5.569458e-01 1.202082e-02 3.345589e-02 3.254774e-02
14700 5.607605e-01 1.169449e-02 3.241247e-02 3.153528e-02
14800 5.645752e-01 1.136558e-02 3.137682e-02 3.054535e-02
14900 5.683899e-01 1.103509e-02 3.035076e-02 2.957989e-02
15000 5.722046e-01 1.070396e-02 2.933604e-02 2.864061e-02
15100 5.760193e-01 1.037310e-02 2.833436e-02 2.772893e-02
15200 5.798340e-01 1.004337e-02 2.734735e-02 2.684603e-02
15300 5.836487e-01 9.715558e-03 2.637653e-02 2.599283e-02
15400 5.874634e-01 9.390425e-03 2.542337e-02 2.517003e-02
15500 5.912781e-01 9.068664e-03 2.448923e-02 2.437807e-02
15600 5.950928e-01 8.750917e-03 2.357537e-02 2.361720e-02
15700 5.989075e-01 8.437771e-03 2.268298e-02 2.288743e-02
15800 6.027222e-01 8.129761e-03 2.181314e-02 2.218858e-02
15900 6.065369e-01 7.827370e-03 2.096682e-02 2.152028e-02
16000 6.103516e-01 7.531036e-03 2.014493e-02 2.088200e-02
16100 6.141663e-01 7.241144e-03 1.934825e-02 2.027303e-02
16200 6.179810e-01 6.958042e-03 1.857748e-02 1.969253e-02
16300 6.217957e-01 6.682030e-03 1.783323e-02 1.913953e-02
16400 6.256104e-01 6.413371e-03 1.711601e-02 1.861293e-02
16500 6.294250e-01 6.152291e-03 1.642623e-02 1.811155e-02
16600 6.332397e-01 5.898980e-03 1.576422e-02 1.763412e-02
16700 6.370544e-01 5.653598e-03 1.513021e-02 1.717931e-02
16800 6.408691e-01 5.416276e-03 1.452433e-02 1.674576e-02
16900 6.446838e-01 5.187117e-03 1.394661e-02 1.633205e-02
17000 6.484985e-01 4.966200e-03 1.339700e-02 1.593677e-02
17100 6.523132e-01 4.753583e-03 1.287534e-02 1.555851e-02
17200 6.561279e-01 4.549300e-03 1.238137e-02 1.519588e-02
17300 6.599426e-01 4.353370e-03 1.191475e-02 1.484751e-02
17400 6.637573e-01 4.165790e-03 1.147502e-02 1.451209e-02
17500 6.675720e-01 3.986541e-03 1.106163e-02 1.418833e-02
17600 6.713867e-01 3.815589e-03 1.067392e-02 1.387505e-02
17700 6.752014e-01 3.652882e-03 1.031116e-02 1.357111e-02
17800 6.790161e-01 3.498352e-03 9.972506e-03 1.327545e-02
17900 6.828308e-01 3.351913e-03 9.657049e-03 1.298709e-02
18000 6.866455e-01 3.213466e-03 9.363794e-03 1.270516e-02
18100 6.904602e-01 3.082891e-03 9.091681e-03 1.242883e-02
18200 6.942749e-01 2.960050e-03 8.839597e-03 1.215740e-02
18300 6.980896e-01 2.844788e-03 8.606384e-03 1.189022e-02
18400 7.019043e-01 2.736930e-03 8.390856e-03 1.162675e-02
18500 7.057190e-01 2.636275e-03 8.191810e-03 1.136652e-02
18600 7.095337e-01 2.542602e-03 8.008042e-03 1.110915e-02
18700 7.133484e-01 2.455669e-03 7.838358e-03 1.085432e-02
18800 7.171631e-01 2.375210e-03 7.681586e-03 1.060180e-02
18900 7.209778e-01 2.300937e-03 7.536588e-03 1.035140e-02
19000 7.247925e-01 2.232544e-03 7.402270e-03 1.010304e-02
19100 7.286072e-01 2.169705e-03 7.277589e-03 9.856641e-03
19200 7.324219e-01 2.112081e-03 7.161561e-03 9.612227e-03
19300 7.362366e-01 2.059317e-03 7.053265e-03 9.369845e-03
19400 7.400513e-01 2.011051e-03 6.951842e-03 9.129595e-03
19500 7.438660e-01 1.966916e-03 6.856501e-03 8.891614e-03
19600 7.476807e-01 1.926546e-03 6.766514e-03 8.656076e-03
19700 7.514954e-01 1.889576e-03 6.681218e-03 8.423183e-03
19800 7.553101e-01 1.855650e-03 6.600010e-03 8.193167e-03
19900 7.591248e-01 1.824424e-03 6.522346e-03 7.966277e-03
20000 7.629395e-01 1.795567e-03 6.447735e-03 7.742782e-03
20100 7.667542e-01 1.768766e-03 6.375736e-03 7.522964e-03
20200 7.705688e-01 1.743726e-03 6.305956e-03 7.307114e-03
20300 7.743835e-01 1.720174e-03 6.238039e-03 7.095529e-03
20400 7.781982e-01 1.697857e-03 6.171669e-03 6.888506e-03
20500 7.820129e-01 1.676545e-03 6.106562e-03 6.686339e-03
20600 7.858276e-01 1.656029e-03 6.042463e-03 6.489317e-03
20700 7.896423e-01 1.636122e-03 5.979144e-03 6.297718e-03
20800 7.934570e-01 1.616657e-03 5.916397e-03 6.111806e-03
20900 7.972717e-01 1.597490e-03 5.854036e-03 5.931825e-03
21000 8.010864e-01 1.578492e-03 5.791890e-03 5.757999e-03
21100 8.049011e-01 1.559554e-03 5.729803e-03 5.590526e-03
21200 8.087158e-01 1.540583e-03 5.667635e-03 5.429575e-03
21300 8.125305e-01 1.521501e-03 5.605254e-03 5.275282e-03
21400 8.163452e-01 1.502243e-03 5.542541e-03 5.127748e-03
21500 8.201599e-01 1.482758e-03 5.479385e-03 4.987035e-03
21600 8.239746e-01 1.463007e-03 5.415683e-03 4.853163e-03
21700 8.277893e-01 1.442957e-03 5.351343e-03 4.726112e-03
21800 8.316040e-01 1.422590e-03 5.286278e-03 4.605816e-03
21900 8.354187e-01 1.401890e-03 5.220409e-03 4.492163e-03
22000 8.392334e-01 1.380853e-03 5.153667e-03 4.385001e-03
22100 8.430481e-01 1.359478e-03 5.085987e-03 4.284131e-03
22200 8.468628e-01 1.337770e-03 5.017314e-03 4.189316e-03
22300 8.506775e-01 1.315740e-03 4.947598e-03 4.100280e-03
22400 8.544922e-01 1.293402e-03 4.876799e-03 4.016713e-03
22500 8.583069e-01 1.270773e-03 4.804882e-03 3.938277e-03
22600 8.621216e-01 1.247874e-03 4.731823e-03 3.864607e-03
22700 8.659363e-01 1.224725e-03 4.657604e-03 3.795322e-03
22800 8.697510e-01 1.201352e-03 4.582215e-03 3.730026e-03
22900 8.735657e-01 1.177781e-03 4.505655e-03 3.668315e-03
23000 8.773804e-01 1.154038e-03 4.427930e-03 3.609784e-03
23100 8.811951e-01 1.130150e-03 4.349055e-03 3.554029e-03
23200 8.850098e-01 1.106147e-03 4.269053e-03 3.500658e-03
23300 8.888245e-01 1.082056e-03 4.187956e-03 3.449287e-03
23400 8.926392e-01 1.057906e-03 4.105801e-03 3.399552e-03
23500 8.964539e-01 1.033726e-03 4.022636e-03 3.351105e-03
23600 9.002686e-01 1.009544e-03 3.938514e-03 3.303623e-03
23700 9.040833e-01 9.853888e-04 3.853497e-03 3.256805e-03
23800 9.078979e-01 9.612877e-04 3.767653e-03 3.210375e-03
23900 9.117126e-01 9.372682e-04 3.681057e-03 3.164084e-03
24000 9.155273e-01 9.133571e-04 3.593791e-03 3.117709e-03
24100 9.193420e-01 8.895807e-04 3.505941e-03 3.071053e-03
24200 9.231567e-01 8.659648e-04 3.417602e-03 3.023945e-03
24300 9.269714e-01 8.425344e-04 3.328871e-03 2.976240e-03
24400 9.307861e-01 8.193141e-04 3.239851e-03 2.927818e-03
24500 9.346008e-01 7.963276e-04 3.150652e-03 2.878579e-03
24600 9.384155e-01 7.735982e-04 3.061385e-03 2.828449e-03
24700 9.422302e-01 7.511484e-04 2.972166e-03 2.777372e-03
24800 9.460449e-01 7.290001e-04 2.883116e-03 2.725315e-03
24900 9.498596e-01 7.071746e-04 2.794357e-03 2.672258e-03
25000 9.536743e-01 6.856926e-04 2.706014e-03 2.618203e-03
25100 9.574890e-01 6.645743e-04 2.618217e-03 2.563163e-03
25200 9.613037e-01 6.438392e-04 2.531096e-03 2.507167e-03
25300 9.651184e-01 6.235061e-04 2.444783e-03 2.450258e-03
25400 9.689331e-01 6.035933e-04 2.359414e-03 2.392487e-03
25500 9.727478e-01 5.841187e-04 2.275124e-03 2.333919e-03
25600 9.765625e-01 5.650992e-04 2.192050e-03 2.274625e-03
25700 9.803772e-01 5.465514e-04 2.110332e-03 2.214686e-03
25800 9.841919e-01 5.284909e-04 2.030108e-03 2.154190e-03
25900 9.880066e-01 5.109328e-04 1.951520e-03 2.093230e-03
26000 9.918213e-01 4.938913e-04 1.874707e-03 2.031904e-03
26100 9.956360e-01 4.773799e-04 1.799811e-03 1.970318e-03
26200 9.994507e-01 4.614110e-04 1.726974e-03 1.908577e-03
26300 1.003265e+00 4.459960e-04 1.656336e-03 1.846792e-03
26400 1.007080e+00 4.311454e-04 1.588038e-03 1.785075e-03
26500 1.010895e+00 4.168680e-04 1.522217e-03 1.723542e-03
26600 1.014709e+00 4.031716e-04 1.459009e-03 1.662310e-03
26700 1.018524e+00 3.900621e-04 1.398546e-03 1.601494e-03
26800 1.022339e+00 3.775439e-04 1.340956e-03 1.541215e-03
26900 1.026154e+00 3.656194e-04 1.286357e-03 1.481590e-03
27000 1.029968e+00 3.542889e-04 1.234859e-03 1.422740e-03
27100 1.033783e+00 3.435506e-04 1.186560e-03 1.364784e-03
27200 1.037598e+00 3.334000e-04 1.141542e-03 1.307841e-03
27300 1.041412e+00 3.238304e-04 1.099868e-03 1.252031e-03
27400 1.045227e+00 3.148323e-04 1.061578e-03 1.197474e-03
27500 1.049042e+00 3.063934e-04 1.026684e-03 1.144289e-03
27600 1.052856e+00 2.984989e-04 9.951697e-04 1.092596e-03
27700 1.056671e+00 2.911311e-04 9.669865e-04 1.042514e-03
27800 1.060486e+00 2.842699e-04 9.420503e-04 9.941607e-04
27900 1.064301e+00 2.778926e-04 9.202426e-04 9.476549e-04
28000 1.068115e+00 2.719743e-04 9.014113e-04 9.031129e-04
28100 1.071930e+00 2.664882e-04 8.853736e-04 8.606491e-04
28200 1.075745e+00 2.614057e-04 8.719195e-04 8.203745e-04
28300 1.079559e+00 2.566970e-04 8.608180e-04 7.823953e-04
28400 1.083374e+00 2.523315e-04 8.518224e-04 7.468106e-04
28500 1.087189e+00 2.482777e-04 8.446770e-04 7.137095e-04
28600 1.091003e+00 2.445044e-04 8.391235e-04 6.831678e-04
28700 1.094818e+00 2.409802e-04 8.349063e-04 6.552445e-04
28800 1.098633e+00 2.376745e-04 8.317780e-04 6.299767e-04
28900 1.102448e+00 2.345574e-04 8.295030e-04 6.073761e-04
29000 1.106262e+00 2.316003e-04 8.278606e-04 5.874248e-04
29100 1.110077e+00 2.287759e-04 8.266475e-04 5.700719e-04
29200 1.113892e+00 2.260585e-04 8.256784e-04 5.552326e-04
29300 1.117706e+00 2.234239e-04 8.247869e-04 5.427877e-04
29400 1.121521e+00 2.208501e-04 8.238253e-04 5.325861e-04
29500 1.125336e+00 2.183166e-04 8.226644e-04 5.244488e-04
29600 1.129150e+00 2.158050e-04 8.211921e-04 5.181751e-04
29700 1.132965e+00 2.132987e-04 8.193128e-04 5.135489e-04
29800 1.136780e+00 2.107829e-04 8.169464e-04 5.103461e-04
29900 1.140594e+00 2.082449e-04 8.140267e-04 5.083415e-04
30000 1.144409e+00 2.056735e-04 8.105004e-04 5.073150e-04
30100 1.148224e+00 2.030592e-04 8.063257e-04 5.070567e-04
30200 1.152039e+00 2.003944e-04 8.014718e-04 5.073701e-04
30300 1.155853e+00 1.976725e-04 7.959170e-04 5.080752e-04
30400 1.159668e+00 1.948889e-04 7.896483e-04 5.090099e-04
30500 1.163483e+00 1.920399e-04 7.826603e-04 5.100299e-04
30600 1.167297e+00 1.891231e-04 7.749541e-04 5.110092e-04
30700 1.171112e+00 1.861375e-04 7.665370e-04 5.118389e-04
30800 1.174927e+00 1.830828e-04 7.574215e-04 5.124264e-04
30900 1.178741e+00 1.799598e-04 7.476247e-04 5.126942e-04
31000 1.182556e+00 1.767703e-04 7.371675e-04 5.125784e-04
31100 1.186371e+00 1.735167e-04 7.260747e-04 5.120275e-04
31200 1.190186e+00 1.702022e-04 7.143737e-04 5.110010e-04
31300 1.194000e+00 1.668306e-04 7.020948e-04 5.094684e-04
31400 1.197815e+00 1.634062e-04 6.892702e-04 5.074080e-04
31500 1.201630e+00 1.599339e-04 6.759341e-04 5.048055e-04
31600 1.205444e+00 1.564191e-04 6.621222e-04 5.016537e-04
31700 1.209259e+00 1.528674e-04 6.478712e-04 4.979509e-04
31800 1.213074e+00 1.492849e-04 6.332190e-04 4.937008e-04
31900 1.216888e+00 1.456777e-04 6.182041e-04 4.889116e-04
32000 1.220703e+00 1.420525e-04 6.028653e-04 4.835951e-04
32100 1.224518e+00 1.384160e-04 5.872420e-04 4.777665e-04
32200 1.228333e+00 1.347749e-04 5.713736e-04 4.714437e-04
32300 1.232147e+00 1.311362e-04 5.552993e-04 4.646473e-04
32400 1.235962e+00 1.275070e-04 5.390583e-04 4.573996e-04
32500 1.239777e+00 1.238942e-04 5.226896e-04 4.497244e-04
32600 1.243591e+00 1.203050e-04 5.062316e-04 4.416473e-04
32700 1.247406e+00 1.167463e-04 4.897224e-04 4.331945e-04
32800 1.251221e+00 1.132251e-04 4.731995e-04 4.243934e-04
32900 1.255035e+00 1.097482e-04 4.566996e-04 4.152717e-04
33000 1.258850e+00 1.063225e-04 4.402591e-04 4.058576e-04
33100 1.262665e+00 1.029545e-04 4.239135e-04 3.961798e-04
33200 1.266479e+00 9.965076e-05 4.076975e-04 3.862666e-04
33300 1.270294e+00 9.641740e-05 3.916453e-04 3.761467e-04
33400 1.274109e+00 9.326049e-05 3.757903e-04 3.658485e-04
33500 1.277924e+00 9.018577e-05 3.601652e-04 3.553998e-04
33600 1.281738e+00 8.719870e-05 3.448020e-04 3.448286e-04
33700 1.285553e+00 8.430439e-05 3.297320e-04 3.341621e-04
33800 1.289368e+00 8.150760e-05 3.149861e-04 3.234270e-04
33900 1.293182e+00 7.881265e-05 3.005944e-04 3.126495e-04
34000 1.296997e+00 7.622341e-05 2.865868e-04 3.018552e-04
34100 1.300812e+00 7.374325e-05 2.729924e-04 2.910690e-04
34200 1.304626e+00 7.137495e-05 2.598401e-04 2.803153e-04
34300 1.308441e+00 6.912071e-05 2.471582e-04 2.696175e-04
34400 1.312256e+00 6.698207e-05 2.349749e-04 2.589985e-04
34500 1.316071e+00 6.495986e-05 2.233175e-04 2.484806e-04
34600 1.319885e+00 6.305419e-05 2.122130e-04 2.380850e-04
34700 1.323700e+00 6.126438e-05 2.016873e-04 2.278326e-04
34800 1.327515e+00 5.958897e-05 1.917654e-04 2.177436e-04
34900 1.331329e+00 5.802571e-05 1.824704e-04 2.078374e-04
35000 1.335144e+00 5.657156e-05 1.738234e-04 1.981329e-04
35100 1.338959e+00 5.522273e-05 1.658422e-04 1.886484e-04
35200 1.342773e+00 5.397470e-05 1.585408e-04 1.794020e-04
35300 1.346588e+00 5.282233e-05 1.519280e-04 1.704109e-04
35400 1.350403e+00 5.175988e-05 1.460064e-04 1.616925e-04
35500 1.354218e+00 5.078117e-05 1.407713e-04 1.532633e-04
35600 1.358032e+00 4.987960e-05 1.362099e-04 1.451400e-04
35700 1.361847e+00 4.904833e-05 1.323008e-04 1.373389e-04
35800 1.365662e+00 4.828037e-05 1.290135e-04 1.298763e-04
35900 1.369476e+00 4.756865e-05 1.263094e-04 1.227682e-04
36000 1.373291e+00 4.690619e-05 1.241426e-04 1.160303e-04
36100 1.377106e+00 4.628612e-05 1.224613e-04 1.096781e-04
36200 1.380920e+00 4.570183e-05 1.212096e-04 1.037266e-04
36300 1.384735e+00 4.514700e-05 1.203296e-04 9.818974e-05
36400 1.388550e+00 4.461566e-05 1.197632e-04 9.308019e-05
36500 1.392365e+00 4.410224e-05 1.194534e-04 8.840867e-05
36600 1.396179e+00 4.360162e-05 1.193462e-04 8.418313e-05
36700 1.399994e+00 4.310909e-05 1.193912e-04 8.040790e-05
36800 1.403809e+00 4.262046e-05 1.195427e-04 7.708274e-05
36900 1.407623e+00 4.213194e-05 1.197592e-04 7.420196e-05
37000 1.411438e+00 4.164023e-05 1.200044e-04 7.175377e-05
37100 1.415253e+00 4.114247e-05 1.202468e-04 6.971992e-05
37200 1.419067e+00 4.063621e-05 1.204592e-04 6.807579e-05
37300 1.422882e+00 4.011942e-05 1.206187e-04 6.679108e-05
37400 1.426697e+00 3.959045e-05 1.207064e-04 6.583079e-05
37500 1.430511e+00 3.904799e-05 1.207066e-04 6.515666e-05
37600 1.434326e+00 3.849109e-05 1.206070e-04 6.472870e-05
37700 1.438141e+00 3.791909e-05 1.203981e-04 6.450672e-05
37800 1.441956e+00 3.733160e-05 1.200726e-04 6.445163e-05
37900 1.445770e+00 3.672853e-05 1.196256e-04 6.452653e-05
38000 1.449585e+00 3.610997e-05 1.190539e-04 6.469748e-05
38100 1.453400e+00 3.547625e-05 1.183561e-04 6.493387e-05
38200 1.457214e+00 3.482790e-05 1.175321e-04 6.520870e-05
38300 1.461029e+00 3.416559e-05 1.165830e-04 6.549851e-05
38400 1.464844e+00 3.349015e-05 1.155110e-04 6.578327e-05
38500 1.468658e+00 3.280254e-05 1.143192e-04 6.604616e-05
38600 1.472473e+00 3.210384e-05 1.130114e-04 6.627324e-05
38700 1.476288e+00 3.139523e-05 1.115921e-04 6.645320e-05
38800 1.480103e+00 3.067795e-05 1.100661e-04 6.657702e-05
38900 1.483917e+00 2.995333e-05 1.084390e-04 6.663774e-05
39000 1.487732e+00 2.922275e-05 1.067164e-04 6.663012e-05
39100 1.491547e+00 2.848764e-05 1.049045e-04 6.655047e-05
39200 1.495361e+00 2.774946e-05 1.030095e-04 6.639640e-05
39300 1.499176e+00 2.700969e-05 1.010377e-04 6.616663e-05
39400 1.502991e+00 2.626983e-05 9.899563e-05 6.586085e-05
39500 1.506805e+00 2.553139e-05 9.688993e-05 6.547953e-05
39600 1.510620e+00 2.479588e-05 9.472716e-05 6.502386e-05
39700 1.514435e+00 2.406480e-05 9.251389e-05 6.449555e-05
39800 1.518250e+00 2.333963e-05 9.025665e-05 6.389683e-05
39900 1.522064e+00 2.262183e-05 8.796190e-05 6.323030e-05
40000 1.525879e+00 2.191285e-05 8.563602e-05 6.249887e-05
40100 1.529694e+00 2.121408e-05 8.328525e-05 6.170571e-05
40200 1.533508e+00 2.052690e-05 8.091573e-05 6.085421e-05
40300 1.537323e+00 1.985263e-05 7.853344e-05 5.994789e-05
40400 1.541138e+00 1.919255e-05 7.614420e-05 5.899039e-05
40500 1.544952e+00 1.854788e-05 7.375368e-05 5.798543e-05
40600 1.548767e+00 1.791978e-05 7.136735e-05 5.693676e-05
40700 1.552582e+00 1.730934e-05 6.899053e-05 5.584817e-05
40800 1.556396e+00 1.671759e-05 6.662831e-05 5.472342e-05
40900 1.560211e+00 1.614548e-05 6.428564e-05 5.356625e-05
41000 1.564026e+00 1.559385e-05 6.196723e-05 5.238037e-05
41100 1.567841e+00 1.506347e-05 5.967764e-05 5.116942e-05
41200 1.571655e+00 1.455500e-05 5.742120e-05 4.993696e-05
41300 1.575470e+00 1.406899e-05 5.520207e-05 4.868648e-05
41400 1.579285e+00 1.360586e-05 5.302421e-05 4.742135e-05
41500 1.583099e+00 1.316590e-05 5.089140e-05 4.614489e-05
41600 1.586914e+00 1.274929e-05 4.880721e-05 4.486025e-05
41700 1.590729e+00 1.235604e-05 4.677506e-05 4.357052e-05
41800 1.594543e+00 1.198601e-05 4.479814e-05 4.227865e-05
41900 1.598358e+00 1.163893e-05 4.287951e-05 4.098748e-05
42000 1.602173e+00 1.131436e-05 4.102202e-05 3.969971e-05
42100 1.605988e+00 1.101171e-05 3.922832e-05 3.841794e-05
42200 1.609802e+00 1.073025e-05 3.750090e-05 3.714464e-05
42300 1.613617e+00 1.046911e-05 3.584204e-05 3.588215e-05
42400 1.617432e+00 1.022728e-05 3.425382e-05 3.463270e-05
42500 1.621246e+00 1.000367e-05 3.273809e-05 3.339841e-05
42600 1.625061e+00 9.797063e-06 3.129649e-05 3.218125e-05
42700 1.628876e+00 9.606184e-06 2.993035e-05 3.098310e-05
42800 1.632690e+00 9.429699e-06 2.864076e-05 2.980573e-05
42900 1.636505e+00 9.266244e-06 2.742845e-05 2.865078e-05
43000 1.640320e+00 9.114440e-06 2.629381e-05 2.751981e-05
43100 1.644135e+00 8.972918e-06 2.523681e-05 2.641425e-05
43200 1.647949e+00 8.840334e-06 2.425699e-05 2.533545e-05
43300 1.651764e+00 8.715390e-06 2.335342e-05 2.428468e-05
43400 1.655579e+00 8.596841e-06 2.252464e-05 2.326307e-05
43500 1.659393e+00 8.483512e-06 2.176868e-05 2.227172e-05
43600 1.663208e+00 8.374306e-06 2.108303e-05 2.131161e-05
43700 1.667023e+00 8.268209e-06 2.046464e-05 2.038364e-05
43800 1.670837e+00 8.164296e-06 1.991000e-05 1.948865e-05
43900 1.674652e+00 8.061728e-06 1.941514e-05 1.862739e-05
44000 1.678467e+00 7.959759e-06 1.897570e-05 1.780052e-05
44100 1.682281e+00 7.857731e-06 1.858705e-05 1.700866e-05
44200 1.686096e+00 7.755075e-06 1.824438e-05 1.625231e-05
44300 1.689911e+00 7.651298e-06 1.794273e-05 1.553192e-05
44400 1.693726e+00 7.545995e-06 1.767720e-05 1.484782e-05
44500 1.697540e+00 7.438832e-06 1.744292e-05 1.420027e-05
44600 1.701355e+00 7.329542e-06 1.723523e-05 1.358943e-05
44700 1.705170e+00 7.217926e-06 1.704969e-05 1.301531e-05
44800 1.708984e+00 7.103842e-06 1.688211e-05 1.247782e-05
44900 1.712799e+00 6.987206e-06 1.672868e-05 1.197673e-05
45000 1.716614e+00 6.867982e-06 1.658588e-05 1.151163e-05
45100 1.720428e+00 6.746176e-06 1.645057e-05 1.108196e-05
45200 1.724243e+00 6.621839e-06 1.631995e-05 1.068696e-05
45300 1.728058e+00 6.495058e-06 1.619157e-05 1.032571e-05
45400 1.731873e+00 6.365945e-06 1.606330e-05 9.997057e-06
45500 1.735687e+00 6.234651e-06 1.593334e-05 9.699677e-06
45600 1.739502e+00 6.101338e-06 1.580015e-05 9.432052e-06
45700 1.743317e+00 5.966201e-06 1.566248e-05 9.192496e-06
45800 1.747131e+00 5.829449e-06 1.551932e-05 8.979172e-06
45900 1.750946e+00 5.691307e-06 1.536986e-05 8.790125e-06
46000 1.754761e+00 5.552009e-06 1.521351e-05 8.623310e-06
46100 1.758575e+00 5.411800e-06 1.504985e-05 8.476630e-06
46200 1.762390e+00 5.270937e-06 1.487859e-05 8.347972e-06
46300 1.766205e+00 5.129680e-06 1.469960e-05 8.235239e-06
46400 1.770020e+00 4.988294e-06 1.451288e-05 8.136386e-06
46500 1.773834e+00 4.847043e-06 1.431849e-05 8.049445e-06
46600 1.777649e+00 4.706200e-06 1.411661e-05 7.972547e-06
46700 1.781464e+00 4.566027e-06 1.390749e-05 7.903941e-06
46800 1.785278e+00 4.426791e-06 1.369143e-05 7.842006e-06
46900 1.789093e+00 4.288753e-06 1.346881e-05 7.785256e-06
47000 1.792908e+00 4.152172e-06 1.324002e-05 7.732346e-06
47100 1.796722e+00 4.017300e-06 1.300550e-05 7.682068e-06
47200 1.800537e+00 3.884390e-06 1.276571e-05 7.633349e-06
47300 1.804352e+00 3.753672e-06 1.252115e-05 7.585245e-06
47400 1.808167e+00 3.625386e-06 1.227231e-05 7.536935e-06
47500 1.811981e+00 3.499753e-06 1.201970e-05 7.487710e-06
47600 1.815796e+00 3.376988e-06 1.176384e-05 7.436967e-06
47700 1.819611e+00 3.257297e-06 1.150523e-05 7.384200e-06
47800 1.823425e+00 3.140871e-06 1.124438e-05 7.328988e-06
47900 1.827240e+00 3.027891e-06 1.098181e-05 7.270990e-06
48000 1.831055e+00 2.918527e-06 1.071800e-05 7.209937e-06
48100 1.834869e+00 2.812934e-06 1.045344e-05 7.145620e-06
48200 1.838684e+00 2.711250e-06 1.018859e-05 7.077890e-06
48300 1.842499e+00 2.613600e-06 9.923919e-06 7.006646e-06
48400 1.846313e+00 2.520085e-06 9.659860e-06 6.931830e-06
48500 1.850128e+00 2.430794e-06 9.396837e-06 6.853423e-06
48600 1.853943e+00 2.345790e-06 9.135253e-06 6.771441e-06
48700 1.857758e+00 2.265119e-06 8.875494e-06 6.685928e-06
48800 1.861572e+00 2.188799e-06 8.617927e-06 6.596954e-06
48900 1.865387e+00 2.116825e-06 8.362899e-06 6.504610e-06
49000 1.869202e+00 2.049166e-06 8.110736e-06 6.409008e-06
49100 1.873016e+00 1.985766e-06 7.861746e-06 6.310275e-06
49200 1.876831e+00 1.926538e-06 7.616218e-06 6.208551e-06
49300 1.880646e+00 1.871374e-06 7.374419e-06 6.103987e-06
49400 1.884460e+00 1.820137e-06 7.136600e-06 5.996746e-06
49500 1.888275e+00 1.772665e-06 6.902990e-06 5.886996e-06
49600 1.892090e+00 1.728775e-06 6.673801e-06 5.774913e-06
49700 1.895905e+00 1.688264e-06 6.449227e-06 5.660678e-06
49800 1.899719e+00 1.650910e-06 6.229444e-06 5.544475e-06
49900 1.903534e+00 1.616479e-06 6.014612e-06 5.426490e-06
50000 1.907349e+00 1.584729e-06 5.804874e-06 5.306913e-06
50100 1.911163e+00 1.555409e-06 5.600357e-06 5.185933e-06
50200 1.914978e+00 1.528268e-06 5.401172e-06 5.063739e-06
50300 1.918793e+00 1.503055e-06 5.207416e-06 4.940521e-06
50400 1.922607e+00 1.479525e-06 5.019172e-06 4.816468e-06
50500 1.926422e+00 1.457441e-06 4.836510e-06 4.691766e-06
50600 1.930237e+00 1.436576e-06 4.659485e-06 4.566600e-06
50700 1.934052e+00 1.416718e-06 4.488142e-06 4.441153e-06
50800 1.937866e+00 1.397667e-06 4.322512e-06 4.315606e-06
50900 1.941681e+00 1.379238e-06 4.162614e-06 4.190136e-06
51000 1.945496e+00 1.361263e-06 4.008458e-06 4.064916e-06
51100 1.949310e+00 1.343591e-06 3.860042e-06 3.940120e-06
51200 1.953125e+00 1.326086e-06 3.717351e-06 3.815913e-06
51300 1.956940e+00 1.308631e-06 3.580362e-06 3.692460e-06
51400 1.960754e+00 1.291121e-06 3.449042e-06 3.569923e-06
51500 1.964569e+00 1.273468e-06 3.323346e-06 3.448457e-06
51600 1.968384e+00 1.255597e-06 3.203219e-06 3.328217e-06
51700 1.972198e+00 1.237451e-06 3.088597e-06 3.209353e-06
51800 1.976013e+00 1.218978e-06 2.979402e-06 3.092011e-06
51900 1.979828e+00 1.200142e-06 2.875550e-06 2.976334e-06
52000 1.983643e+00 1.180920e-06 2.776944e-06 2.862460e-06
52100 1.987457e+00 1.161287e-06 2.683476e-06 2.750528e-06
52200 1.991272e+00 1.141245e-06 2.595028e-06 2.640668e-06
52300 1.995087e+00 1.120787e-06 2.511471e-06 2.533013e-06
52400 1.998901e+00 1.099922e-06 2.432664e-06 2.427690e-06
52500 2.002716e+00 1.078663e-06 2.358458e-06 2.324823e-06
52600 2.006531e+00 1.057026e-06 2.288691e-06 2.224536e-06
52700 2.010345e+00 1.035036e-06 2.223195e-06 2.126948e-06
52800 2.014160e+00 1.012721e-06 2.161789e-06 2.032181e-06
52900 2.017975e+00 9.901097e-07 2.104286e-06 1.940350e-06
53000 2.021790e+00 9.672352e-07 2.050492e-06 1.851571e-06
53100 2.025604e+00 9.441372e-07 2.000207e-06 1.765959e-06
53200 2.029419e+00 9.208481e-07 1.953225e-06 1.683627e-06
53300 2.033234e+00 8.974122e-07 1.909338e-06 1.604686e-06
53400 2.037048e+00 8.738701e-07 1.868337e-06 1.529244e-06
53500 2.040863e+00 8.502599e-07 1.830012e-06 1.457407e-06
53600 2.044678e+00 8.266291e-07 1.794154e-06 1.389275e-06
53700 2.048492e+00 8.030147e-07 1.760558e-06 1.324945e-06
53800 2.052307e+00 7.794628e-07 1.729022e-06 1.264502e-06
53900 2.056122e+00 7.560163e-07 1.699351e-06 1.208022e-06
54000 2.059937e+00 7.327171e-07 1.671356e-06 1.155567e-06
54100 2.063751e+00 7.096037e-07 1.644856e-06 1.107179e-06
54200 2.067566e+00 6.867172e-07 1.619679e-06 1.062878e-06
54300 2.071381e+00 6.641011e-07 1.595662e-06 1.022656e-06
54400 2.075195e+00 6.417937e-07 1.572651e-06 9.864728e-07
54500 2.079010e+00 6.198292e-07 1.550503e-06 9.542541e-07
54600 2.082825e+00 5.982461e-07 1.529084e-06 9.258864e-07
54700 2.086639e+00 5.770812e-07 1.508273e-06 9.012172e-07
54800 2.090454e+00 5.563634e-07 1.487956e-06 8.800560e-07
54900 2.094269e+00 5.361294e-07 1.468031e-06 8.621768e-07
55000 2.098083e+00 5.164060e-07 1.448406e-06 8.473235e-07
55100 2.101898e+00 4.972239e-07 1.428995e-06 8.352164e-07
55200 2.105713e+00 4.786092e-07 1.409726e-06 8.255594e-07
55300 2.109528e+00 4.605878e-07 1.390531e-06 8.180486e-07
55400 2.113342e+00 4.431793e-07 1.371354e-06 8.123793e-07
55500 2.117157e+00 4.264080e-07 1.352143e-06 8.082536e-07
55600 2.120972e+00 4.102884e-07 1.332857e-06 8.053860e-07
55700 2.124786e+00 3.948403e-07 1.313458e-06 8.035078e-07
55800 2.128601e+00 3.800723e-07 1.293917e-06 8.023706e-07
55900 2.132416e+00 3.659961e-07 1.274209e-06 8.017481e-07
56000 2.136230e+00 3.526168e-07 1.254316e-06 8.014371e-07
56100 2.140045e+00 3.399416e-07 1.234222e-06 8.012573e-07
56200 2.143860e+00 3.279651e-07 1.213919e-06 8.010512e-07
56300 2.147675e+00 3.166891e-07 1.193400e-06 8.006822e-07
56400 2.151489e+00 3.061002e-07 1.172665e-06 8.000342e-07
56500 2.155304e+00 2.961923e-07 1.151714e-06 7.990092e-07
56600 2.159119e+00 2.869463e-07 1.130553e-06 7.975262e-07
56700 2.162933e+00 2.783443e-07 1.109189e-06 7.955195e-07
56800 2.166748e+00 2.703633e-07 1.087631e-06 7.929369e-07
56900 2.170563e+00 2.629753e-07 1.065893e-06 7.897386e-07
57000 2.174377e+00 2.561511e-07 1.043987e-06 7.858954e-07
57100 2.178192e+00 2.498566e-07 1.021931e-06 7.813879e-07
57200 2.182007e+00 2.440579e-07 9.997408e-07 7.762049e-07
57300 2.185822e+00 2.387167e-07 9.774359e-07 7.703426e-07
57400 2.189636e+00 2.337956e-07 9.550362e-07 7.638038e-07
57500 2.193451e+00 2.292548e-07 9.325624e-07 7.565966e-07
57600 2.197266e+00 2.250553e-07 9.100361e-07 7.487341e-07
57700 2.201080e+00 2.211581e-07 8.874799e-07 7.402336e-07
57800 2.204895e+00 2.175254e-07 8.649164e-07 7.311159e-07
57900 2.208710e+00 2.141206e-07 8.423691e-07 7.214046e-07
58000 2.212524e+00 2.109094e-07 8.198615e-07 7.111261e-07
58100 2.216339e+00 2.078585e-07 7.974174e-07 7.003088e-07
58200 2.220154e+00 2.049377e-07 7.750606e-07 6.889828e-07
58300 2.223969e+00 2.021193e-07 7.528151e-07 6.771796e-07
58400 2.227783e+00 1.993780e-07 7.307046e-07 6.649317e-07
58500 2.231598e+00 1.966908e-07 7.087528e-07 6.522726e-07
58600 2.235413e+00 1.940365e-07 6.869831e-07 6.392361e-07
58700 2.239227e+00 1.913990e-07 6.654188e-07 6.258566e-07
58800 2.243042e+00 1.887616e-07 6.440827e-07 6.121685e-07
58900 2.246857e+00 1.861109e-07 6.229972e-07 5.982062e-07
59000 2.250671e+00 1.834379e-07 6.021846e-07 5.840041e-07
59100 2.254486e+00 1.807303e-07 5.816665e-07 5.695961e-07
59200 2.258301e+00 1.779824e-07 5.614642e-07 5.550158e-07
59300 2.262115e+00 1.751905e-07 5.415983e-07 5.402963e-07
59400 2.265930e+00 1.723491e-07 5.220891e-07 5.254700e-07
59500 2.269745e+00 1.694547e-07 5.029563e-07 5.105688e-07
59600 2.273560e+00 1.665076e-07 4.842191e-07 4.956237e-07
59700 2.277374e+00 1.635067e-07 4.658962e-07 4.806650e-07
59800 2.281189e+00 1.604517e-07 4.480056e-07 4.657222e-07
59900 2.285004e+00 1.573488e-07 4.305649e-07 4.508238e-07
60000 2.288818e+00 1.541950e-07 4.135910e-07 4.359974e-07
60100 2.292633e+00 1.509965e-07 3.971003e-07 4.212699e-07
60200 2.296448e+00 1.477560e-07 3.811086e-07 4.066670e-07
60300 2.300262e+00 1.444791e-07 3.656310e-07 3.922137e-07
60400 2.304077e+00 1.411696e-07 3.506818e-07 3.779338e-07
60500 2.307892e+00 1.378324e-07 3.362748e-07 3.638503e-07
60600 2.311707e+00 1.344719e-07 3.224228e-07 3.499854e-07
60700 2.315521e+00 1.310937e-07 3.091378e-07 3.363602e-07
60800 2.319336e+00 1.277041e-07 2.964307e-07 3.229951e-07
60900 2.323151e+00 1.243094e-07 2.843113e-07 3.099093e-07
61000 2.326965e+00 1.209128e-07 2.727880e-07 2.971215e-07
61100 2.330780e+00 1.175242e-07 2.618676e-07 2.846495e-07
61200 2.334595e+00 1.141456e-07 2.515551e-07 2.725103e-07
61300 2.338409e+00 1.107836e-07 2.418536e-07 2.607200e-07
61400 2.342224e+00 1.074435e-07 2.327636e-07 2.492941e-07
61500 2.346039e+00 1.041340e-07 2.242831e-07 2.382472e-07
61600 2.349854e+00 1.008536e-07 2.164071e-07 2.275935e-07
61700 2.353668e+00 9.761445e-08 2.091273e-07 2.173461e-07
61800 2.357483e+00 9.442010e-08 2.024322e-07 2.075173e-07
61900 2.361298e+00 9.127242e-08 1.963065e-07 1.981189e-07
62000 2.365112e+00 8.817843e-08 1.907314e-07 1.891615e-07
62100 2.368927e+00 8.514339e-08 1.856843e-07 1.806547e-07
62200 2.372742e+00 8.216727e-08 1.811396e-07 1.726069e-07
62300 2.376556e+00 7.926046e-08 1.770682e-07 1.650253e-07
62400 2.380371e+00 7.642111e-08 1.734384e-07 1.579152e-07
62500 2.384186e+00 7.365602e-08 1.702165e-07 1.512801e-07
62600 2.388000e+00 7.096831e-08 1.673672e-07 1.451214e-07
62700 2.391815e+00 6.836118e-08 1.648539e-07 1.394379e-07
62800 2.395630e+00 6.583588e-08 1.626402e-07 1.342254e-07
62900 2.399445e+00 6.339359e-08 1.606895e-07 1.294767e-07
63000 2.403259e+00 6.104053e-08 1.589662e-07 1.251813e-07
63100 2.407074e+00 5.877585e-08 1.574362e-07 1.213250e-07
63200 2.410889e+00 5.660202e-08 1.560667e-07 1.178901e-07
63300 2.414703e+00 5.452119e-08 1.548272e-07 1.148557e-07
63400 2.418518e+00 5.253215e-08 1.536892e-07 1.121974e-07
63500 2.422333e+00 5.063662e-08 1.526268e-07 1.098886e-07
63600 2.426147e+00 4.883297e-08 1.516163e-07 1.079001e-07
63700 2.429962e+00 4.712390e-08 1.506364e-07 1.062014e-07
63800 2.433777e+00 4.550856e-08 1.496684e-07 1.047611e-07
63900 2.437592e+00 4.398173e-08 1.486955e-07 1.035478e-07
64000 2.441406e+00 4.254493e-08 1.477035e-07 1.025303e-07
64100 2.445221e+00 4.119645e-08 1.466800e-07 1.016786e-07
64200 2.449036e+00 3.993295e-08 1.456145e-07 1.009641e-07
64300 2.452850e+00 3.875204e-08 1.444982e-07 1.003599e-07
64400 2.456665e+00 3.764868e-08 1.433241e-07 9.984140e-08
64500 2.460480e+00 3.662113e-08 1.420865e-07 9.938598e-08
64600 2.464294e+00 3.566595e-08 1.407812e-07 9.897337e-08
64700 2.468109e+00 3.477757e-08 1.394050e-07 9.858556e-08
64800 2.471924e+00 3.395136e-08 1.379558e-07 9.820673e-08
64900 2.475739e+00 3.318356e-08 1.364325e-07 9.782311e-08
65000 2.479553e+00 3.246999e-08 1.348349e-07 9.742294e-08
65100 2.483368e+00 3.180510e-08 1.331634e-07 9.699623e-08
65200 2.487183e+00 3.118413e-08 1.314192e-07 9.653470e-08
65300 2.490997e+00 3.060256e-08 1.296039e-07 9.603153e-08
65400 2.494812e+00 3.005685e-08 1.277199e-07 9.548129e-08
65500 2.498627e+00 2.954129e-08 1.257696e-07 9.487976e-08
65600 2.502441e+00 2.905263e-08 1.237560e-07 9.422382e-08
65700 2.506256e+00 2.858672e-08 1.216825e-07 9.351126e-08
65800 2.510071e+00 2.813994e-08 1.195525e-07 9.274076e-08
65900 2.513885e+00 2.770910e-08 1.173700e-07 9.191170e-08
66000 2.517700e+00 2.729102e-08 1.151386e-07 9.102411e-08
66100 2.521515e+00 2.688310e-08 1.128626e-07 9.007858e-08
66200 2.525330e+00 2.648276e-08 1.105460e-07 8.907617e-08
66300 2.529144e+00 2.608798e-08 1.081931e-07 8.801832e-08
66400 2.532959e+00 2.569638e-08 1.058082e-07 8.690686e-08
66500 2.536774e+00 2.530693e-08 1.033955e-07 8.574383e-08
66600 2.540588e+00 2.491775e-08 1.009593e-07 8.453160e-08
66700 2.544403e+00 2.452784e-08 9.850385e-08 8.327267e-08
66800 2.548218e+00 2.413608e-08 9.603342e-08 8.196971e-08
66900 2.552032e+00 2.374200e-08 9.355216e-08 8.062552e-08
67000 2.555847e+00 2.334486e-08 9.106419e-08 7.924300e-08
67100 2.559662e+00 2.294406e-08 8.857356e-08 7.782507e-08
67200 2.563477e+00 2.253972e-08 8.608423e-08 7.637474e-08
67300 2.567291e+00 2.213156e-08 8.360005e-08 7.489501e-08
67400 2.571106e+00 2.171930e-08 8.112483e-08 7.338890e-08
67500 2.574921e+00 2.130343e-08 7.866224e-08 7.185940e-08
67600 2.578735e+00 2.088324e-08 7.621584e-08 7.030947e-08
67700 2.582550e+00 2.046012e-08 7.378911e-08 6.874207e-08
67800 2.586365e+00 2.003415e-08 7.138541e-08 6.716007e-08
67900 2.590179e+00 1.960478e-08 6.900800e-08 6.556629e-08
68000 2.593994e+00 1.917440e-08 6.666001e-08 6.396353e-08
68100 2.597809e+00 1.874015e-08 6.434449e-08 6.235447e-08
68200 2.601624e+00 1.830702e-08 6.206435e-08 6.074173e-08
68300 2.605438e+00 1.787218e-08 5.982244e-08 5.912786e-08
68400 2.609253e+00 1.743658e-08 5.762145e-08 5.751534e-08
68458 2.611465e+00 1.718467e-08 5.636468e-08 5.658163e-08
