TITLE = "Cavity Iterative Residual History"
variables="Iteration""Time(s)""Res1""Res2""Res3"
1 3.814697e-05 1.433949e+01 3.275982e+02 0.000000e+00
100 3.814697e-03 8.606803e+00 1.352178e+01 4.741282e+00
200 7.629395e-03 6.612225e+00 7.020174e+00 5.193699e+00
300 1.144409e-02 5.622625e+00 4.494768e+00 5.208885e+00
400 1.525879e-02 5.066996e+00 3.193397e+00 5.092069e+00
500 1.907349e-02 4.787487e+00 2.630305e+00 4.931244e+00
600 2.288818e-02 4.234317e+00 3.212483e+00 4.724674e+00
700 2.670288e-02 3.894356e+00 4.077332e+00 4.406455e+00
800 3.051758e-02 4.353028e+00 4.445905e+00 3.968017e+00
900 3.433228e-02 2.937018e+00 4.510528e+00 3.472946e+00
1000 3.814697e-02 3.759291e+00 4.429135e+00 3.003620e+00
1100 4.196167e-02 3.616883e+00 4.219977e+00 2.574361e+00
1200 4.577637e-02 3.614933e+00 3.939848e+00 2.009526e+00
1300 4.959106e-02 3.798342e+00 3.608264e+00 1.329740e+00
1400 5.340576e-02 3.734846e+00 3.219034e+00 1.638888e+00
1500 5.722046e-02 3.432237e+00 2.941300e+00 2.256551e+00
1600 6.103516e-02 3.385443e+00 2.837905e+00 2.426983e+00
1700 6.484985e-02 3.720554e+00 2.787150e+00 2.267029e+00
1800 6.866455e-02 3.813681e+00 2.757673e+00 1.933695e+00
1900 7.247925e-02 3.240419e+00 2.768526e+00 1.535306e+00
2000 7.629395e-02 2.715971e+00 2.801998e+00 1.279689e+00
2100 8.010864e-02 2.814483e+00 2.822039e+00 1.339298e+00
2200 8.392334e-02 2.615730e+00 2.835995e+00 1.564338e+00
2300 8.773804e-02 2.012229e+00 2.826437e+00 1.701783e+00
2400 9.155273e-02 1.591178e+00 2.751914e+00 1.683541e+00
2500 9.536743e-02 1.527858e+00 2.591523e+00 1.572997e+00
2600 9.918213e-02 1.661125e+00 2.324922e+00 1.431460e+00
2700 1.029968e-01 1.910259e+00 1.934426e+00 1.256179e+00
2800 1.068115e-01 2.158364e+00 1.429772e+00 1.034085e+00
2900 1.106262e-01 2.359779e+00 8.692894e-01 8.315924e-01
3000 1.144409e-01 2.432949e+00 5.905225e-01 7.863186e-01
3100 1.182556e-01 2.282439e+00 1.009970e+00 9.025163e-01
3200 1.220703e-01 1.937348e+00 1.565663e+00 1.040766e+00
3300 1.258850e-01 1.485949e+00 2.005252e+00 1.119172e+00
3400 1.296997e-01 1.019533e+00 2.267654e+00 1.121669e+00
3500 1.335144e-01 6.928679e-01 2.345242e+00 1.058492e+00
3600 1.373291e-01 7.478538e-01 2.265011e+00 9.547523e-01
3700 1.411438e-01 1.035504e+00 2.071524e+00 8.469499e-01
3800 1.449585e-01 1.295405e+00 1.803771e+00 7.680680e-01
3900 1.487732e-01 1.492117e+00 1.481501e+00 7.360925e-01
4000 1.525879e-01 1.673031e+00 1.112847e+00 7.597763e-01
4100 1.564026e-01 1.825742e+00 7.253784e-01 8.336320e-01
4200 1.602173e-01 1.877505e+00 4.532466e-01 9.253687e-01
4300 1.640320e-01 1.783303e+00 5.792586e-01 9.947588e-01
4400 1.678467e-01 1.559880e+00 9.056867e-01 1.020069e+00
4500 1.716614e-01 1.267651e+00 1.197521e+00 1.003872e+00
4600 1.754761e-01 9.906488e-01 1.391212e+00 9.649173e-01
4700 1.792908e-01 8.170256e-01 1.479047e+00 9.258413e-01
4800 1.831055e-01 7.706652e-01 1.477894e+00 9.006594e-01
4900 1.869202e-01 7.769915e-01 1.409311e+00 8.875541e-01
5000 1.907349e-01 8.009471e-01 1.286263e+00 8.724779e-01
5100 1.945496e-01 9.008358e-01 1.110777e+00 8.394604e-01
5200 1.983643e-01 1.080027e+00 8.828088e-01 7.785947e-01
5300 2.021790e-01 1.245730e+00 6.163805e-01 6.893599e-01
5400 2.059937e-01 1.324580e+00 3.682864e-01 5.840012e-01
5500 2.098083e-01 1.305518e+00 3.140316e-01 4.961814e-01
5600 2.136230e-01 1.215382e+00 4.847022e-01 4.827742e-01
5700 2.174377e-01 1.085452e+00 6.701371e-01 5.704199e-01
5800 2.212524e-01 9.334129e-01 8.040162e-01 7.155502e-01
5900 2.250671e-01 7.626250e-01 8.806603e-01 8.629756e-01
6000 2.288818e-01 5.723983e-01 9.093560e-01 9.765953e-01
6100 2.326965e-01 3.855428e-01 8.995735e-01 1.036249e+00
6200 2.365112e-01 3.225044e-01 8.548923e-01 1.033092e+00
6300 2.403259e-01 4.817973e-01 7.738041e-01 9.667072e-01
6400 2.441406e-01 7.105461e-01 6.561633e-01 8.433360e-01
6500 2.479553e-01 9.093984e-01 5.123116e-01 6.756657e-01
6600 2.517700e-01 1.039542e+00 3.741290e-01 4.862642e-01
6700 2.555847e-01 1.085911e+00 3.057761e-01 3.254227e-01
6800 2.593994e-01 1.049201e+00 3.458865e-01 3.061921e-01
6900 2.632141e-01 9.429434e-01 4.300236e-01 4.424068e-01
7000 2.670288e-01 7.901052e-01 4.984020e-01 6.144167e-01
7100 2.708435e-01 6.173614e-01 5.326120e-01 7.658653e-01
7200 2.746582e-01 4.483836e-01 5.344366e-01 8.758495e-01
7300 2.784729e-01 3.060374e-01 5.128248e-01 9.346599e-01
7400 2.822876e-01 2.414089e-01 4.766762e-01 9.379893e-01
7500 2.861023e-01 3.079426e-01 4.315669e-01 8.855447e-01
7600 2.899170e-01 4.412489e-01 3.802663e-01 7.809873e-01
7700 2.937317e-01 5.749815e-01 3.254704e-01 6.323310e-01
7800 2.975464e-01 6.796348e-01 2.719483e-01 4.529503e-01
7900 3.013611e-01 7.423848e-01 2.260963e-01 2.676953e-01
8000 3.051758e-01 7.602956e-01 1.930749e-01 1.646368e-01
8100 3.089905e-01 7.365664e-01 1.743763e-01 2.732225e-01
8200 3.128052e-01 6.764484e-01 1.691842e-01 4.401707e-01
8300 3.166199e-01 5.840134e-01 1.769385e-01 5.893930e-01
8400 3.204346e-01 4.623225e-01 1.956723e-01 7.019181e-01
8500 3.242493e-01 3.182796e-01 2.194592e-01 7.693893e-01
8600 3.280640e-01 1.774638e-01 2.400818e-01 7.883579e-01
8700 3.318787e-01 1.518814e-01 2.504451e-01 7.593062e-01
8800 3.356934e-01 2.737785e-01 2.467220e-01 6.863797e-01
8900 3.395081e-01 4.067707e-01 2.290023e-01 5.772765e-01
9000 3.433228e-01 5.120707e-01 2.008383e-01 4.435613e-01
9100 3.471375e-01 5.792507e-01 1.679430e-01 3.034464e-01
9200 3.509521e-01 6.064119e-01 1.363424e-01 1.975066e-01
9300 3.547668e-01 5.962341e-01 1.105005e-01 2.070873e-01
9400 3.585815e-01 5.537293e-01 9.230497e-02 3.083130e-01
9500 3.623962e-01 4.847128e-01 8.171373e-02 4.201582e-01
9600 3.662109e-01 3.954447e-01 7.809217e-02 5.132872e-01
9700 3.700256e-01 2.939722e-01 8.010152e-02 5.770894e-01
9800 3.738403e-01 1.949614e-01 8.504271e-02 6.070844e-01
9900 3.776550e-01 1.371396e-01 8.981637e-02 6.023204e-01
10000 3.814697e-01 1.706816e-01 9.240348e-02 5.646821e-01
10100 3.852844e-01 2.491564e-01 9.236797e-02 4.985934e-01
10200 3.890991e-01 3.256162e-01 9.039970e-02 4.108983e-01
10300 3.929138e-01 3.851608e-01 8.740156e-02 3.113580e-01
10400 3.967285e-01 4.227858e-01 8.375932e-02 2.159114e-01
10500 4.005432e-01 4.371966e-01 7.937932e-02 1.587625e-01
10600 4.043579e-01 4.289528e-01 7.448159e-02 1.812620e-01
10700 4.081726e-01 3.996775e-01 7.045950e-02 2.517698e-01
10800 4.119873e-01 3.519060e-01 6.980738e-02 3.261283e-01
10900 4.158020e-01 2.895244e-01 7.433544e-02 3.869486e-01
11000 4.196167e-01 2.189734e-01 8.319109e-02 4.272559e-01
11100 4.234314e-01 1.528635e-01 9.346460e-02 4.440645e-01
11200 4.272461e-01 1.197025e-01 1.020853e-01 4.367590e-01
11300 4.310608e-01 1.452024e-01 1.067825e-01 4.066218e-01
11400 4.348755e-01 1.999532e-01 1.062443e-01 3.566636e-01
11500 4.386902e-01 2.543827e-01 1.000889e-01 2.916425e-01
11600 4.425049e-01 2.969353e-01 8.894122e-02 2.186456e-01
11700 4.463196e-01 3.229511e-01 7.485326e-02 1.500894e-01
11800 4.501343e-01 3.306807e-01 6.241249e-02 1.137570e-01
11900 4.539490e-01 3.201143e-01 5.938517e-02 1.372904e-01
12000 4.577637e-01 2.925664e-01 7.025517e-02 1.910822e-01
12100 4.615784e-01 2.505531e-01 8.990012e-02 2.445851e-01
12200 4.653931e-01 1.978933e-01 1.113275e-01 2.862208e-01
12300 4.692078e-01 1.404517e-01 1.299235e-01 3.112815e-01
12400 4.730225e-01 9.015646e-02 1.427744e-01 3.179612e-01
12500 4.768372e-01 7.705919e-02 1.480396e-01 3.063399e-01
12600 4.806519e-01 1.115609e-01 1.447712e-01 2.780172e-01
12700 4.844666e-01 1.581798e-01 1.329259e-01 2.358997e-01
12800 4.882813e-01 1.996977e-01 1.134937e-01 1.841292e-01
12900 4.920959e-01 2.302789e-01 8.891057e-02 1.286094e-01
13000 4.959106e-01 2.473339e-01 6.461070e-02 8.067275e-02
13100 4.997253e-01 2.498278e-01 5.319859e-02 6.858880e-02
13200 5.035400e-01 2.378913e-01 6.619432e-02 1.000735e-01
13300 5.073547e-01 2.127056e-01 9.245676e-02 1.407792e-01
13400 5.111694e-01 1.764579e-01 1.196886e-01 1.754574e-01
13500 5.149841e-01 1.324214e-01 1.423280e-01 1.993413e-01
13600 5.187988e-01 8.579430e-02 1.575753e-01 2.106691e-01
13700 5.226135e-01 4.997343e-02 1.639288e-01 2.091737e-01
13800 5.264282e-01 5.833126e-02 1.608083e-01 1.956806e-01
13900 5.302429e-01 9.544005e-02 1.484483e-01 1.719277e-01
14000 5.340576e-01 1.326042e-01 1.278800e-01 1.404648e-01
14100 5.378723e-01 1.622366e-01 1.010469e-01 1.047424e-01
14200 5.416870e-01 1.816211e-01 7.147488e-02 7.005465e-02
14300 5.455017e-01 1.896395e-01 4.766762e-02 4.795295e-02
14400 5.493164e-01 1.861902e-01 4.847108e-02 5.452620e-02
14500 5.531311e-01 1.720046e-01 7.252195e-02 7.746599e-02
14600 5.569458e-01 1.485434e-01 1.010990e-01 1.002099e-01
14700 5.607605e-01 1.179466e-01 1.263123e-01 1.171954e-01
14800 5.645752e-01 8.321083e-02 1.449366e-01 1.266340e-01
14900 5.683899e-01 4.974746e-02 1.552774e-01 1.281742e-01
15000 5.722046e-01 3.500525e-02 1.565389e-01 1.223179e-01
15100 5.760193e-01 5.511040e-02 1.486858e-01 1.101941e-01
15200 5.798340e-01 8.411773e-02 1.324113e-01 9.343076e-02
15300 5.836487e-01 1.098513e-01 1.091549e-01 7.411779e-02
15400 5.874634e-01 1.289682e-01 8.130502e-02 5.501069e-02
15500 5.912781e-01 1.400627e-01 5.339507e-02 4.032093e-02
15600 5.950928e-01 1.426177e-01 3.791154e-02 3.581374e-02
15700 5.989075e-01 1.367810e-01 5.056942e-02 4.176607e-02
15800 6.027222e-01 1.232774e-01 7.593784e-02 5.126484e-02
15900 6.065369e-01 1.033535e-01 1.006403e-01 5.950352e-02
16000 6.103516e-01 7.878020e-02 1.202891e-01 6.463123e-02
16100 6.141663e-01 5.216332e-02 1.329629e-01 6.615561e-02
16200 6.179810e-01 2.946311e-02 1.377605e-01 6.426289e-02
16300 6.217957e-01 2.926271e-02 1.344945e-01 5.955823e-02
16400 6.256104e-01 4.949277e-02 1.235966e-01 5.293366e-02
16500 6.294250e-01 7.113998e-02 1.060745e-01 4.547480e-02
16600 6.332397e-01 8.899992e-02 8.353266e-02 3.836544e-02
16700 6.370544e-01 1.013560e-01 5.848327e-02 3.271851e-02
16800 6.408691e-01 1.074564e-01 3.631510e-02 2.922189e-02
16900 6.446838e-01 1.071138e-01 3.197047e-02 2.772766e-02
17000 6.484985e-01 1.005962e-01 4.928648e-02 2.736251e-02
17100 6.523132e-01 8.856874e-02 7.099390e-02 2.719901e-02
17200 6.561279e-01 7.205580e-02 8.999953e-02 2.673711e-02
17300 6.599426e-01 5.246464e-02 1.038931e-01 2.595266e-02
17400 6.637573e-01 3.198821e-02 1.115608e-01 2.513861e-02
17500 6.675720e-01 1.736743e-02 1.125716e-01 2.466752e-02
17600 6.713867e-01 2.513269e-02 1.070329e-01 2.472945e-02
17700 6.752014e-01 4.256901e-02 9.553558e-02 2.517690e-02
17800 6.790161e-01 5.883019e-02 7.912800e-02 2.559108e-02
17900 6.828308e-01 7.153455e-02 5.937318e-02 2.548166e-02
18000 6.866455e-01 7.971091e-02 3.884524e-02 2.445522e-02
18100 6.904602e-01 8.291907e-02 2.426570e-02 2.229923e-02
18200 6.942749e-01 8.110731e-02 2.917673e-02 1.901541e-02
18300 6.980896e-01 7.456563e-02 4.575097e-02 1.486100e-02
18400 7.019043e-01 6.389047e-02 6.238878e-02 1.053254e-02
18500 7.057190e-01 4.995482e-02 7.567617e-02 7.890362e-03
18600 7.095337e-01 3.393441e-02 8.431498e-02 9.461847e-03
18700 7.133484e-01 1.783404e-02 8.775368e-02 1.364365e-02
18800 7.171631e-01 1.109245e-02 8.592479e-02 1.803213e-02
18900 7.209778e-01 2.314598e-02 7.916231e-02 2.159929e-02
19000 7.247925e-01 3.723780e-02 6.815550e-02 2.385074e-02
19100 7.286072e-01 4.917917e-02 5.393125e-02 2.453469e-02
19200 7.324219e-01 5.791162e-02 3.795936e-02 2.358966e-02
19300 7.362366e-01 6.292838e-02 2.299080e-02 2.115374e-02
19400 7.400513e-01 6.403770e-02 1.733751e-02 1.762101e-02
19500 7.438660e-01 6.131473e-02 2.668562e-02 1.382198e-02
19600 7.476807e-01 5.507539e-02 3.963955e-02 1.143311e-02
19700 7.514954e-01 4.585054e-02 5.097818e-02 1.241420e-02
19800 7.553101e-01 3.436773e-02 5.918511e-02 1.614780e-02
19900 7.591248e-01 2.160646e-02 6.364457e-02 2.060426e-02
20000 7.629395e-01 9.696419e-03 6.417227e-02 2.451666e-02
20100 7.667542e-01 1.040610e-02 6.090599e-02 2.721465e-02
20200 7.705688e-01 2.149678e-02 5.425877e-02 2.833745e-02
20300 7.743835e-01 3.213759e-02 4.489044e-02 2.774132e-02
20400 7.781982e-01 4.070493e-02 3.371927e-02 2.548126e-02
20500 7.820129e-01 4.659694e-02 2.213805e-02 2.183073e-02
20600 7.858276e-01 4.951391e-02 1.346369e-02 1.737388e-02
20700 7.896423e-01 4.938126e-02 1.501275e-02 1.331556e-02
20800 7.934570e-01 4.632829e-02 2.348480e-02 1.191886e-02
20900 7.972717e-01 4.067013e-02 3.208789e-02 1.452135e-02
21000 8.010864e-01 3.288946e-02 3.884039e-02 1.922449e-02
21100 8.049011e-01 2.363780e-02 4.307438e-02 2.405488e-02
21200 8.087158e-01 1.389429e-02 4.455931e-02 2.799392e-02
21300 8.125305e-01 6.897687e-03 4.333158e-02 3.049913e-02
21400 8.163452e-01 1.137463e-02 3.963781e-02 3.128238e-02
21500 8.201599e-01 1.981455e-02 3.390227e-02 3.024678e-02
21600 8.239746e-01 2.744973e-02 2.671337e-02 2.747276e-02
21700 8.277893e-01 3.335693e-02 1.888011e-02 2.322920e-02
21800 8.316040e-01 3.714164e-02 1.184884e-02 1.803968e-02
21900 8.354187e-01 3.862660e-02 9.299203e-03 1.296392e-02
22000 8.392334e-01 3.780287e-02 1.321352e-02 1.040478e-02
22100 8.430481e-01 3.481259e-02 1.880762e-02 1.268828e-02
22200 8.468628e-01 2.993595e-02 2.362909e-02 1.765315e-02
22300 8.506775e-01 2.358384e-02 2.694839e-02 2.280406e-02
22400 8.544922e-01 1.632890e-02 2.851596e-02 2.704172e-02
22500 8.583069e-01 9.217481e-03 2.830662e-02 2.983580e-02
22600 8.621216e-01 6.283195e-03 2.645149e-02 3.091508e-02
22700 8.659363e-01 1.117418e-02 2.320776e-02 3.018940e-02
22800 8.697510e-01 1.749066e-02 1.894342e-02 2.772834e-02
22900 8.735657e-01 2.297947e-02 1.415289e-02 2.375853e-02
23000 8.773804e-01 2.704573e-02 9.596645e-03 1.868895e-02
23100 8.811951e-01 2.942069e-02 6.851457e-03 1.325286e-02
23200 8.850098e-01 3.000170e-02 7.770009e-03 9.156611e-03
23300 8.888245e-01 2.881982e-02 1.069660e-02 9.606603e-03
23400 8.926392e-01 2.602579e-02 1.357134e-02 1.391192e-02
23500 8.964539e-01 2.188011e-02 1.565910e-02 1.889807e-02
23600 9.002686e-01 1.675520e-02 1.672132e-02 2.319637e-02
23700 9.040833e-01 1.120507e-02 1.671904e-02 2.624248e-02
23800 9.078979e-01 6.491882e-03 1.573295e-02 2.776018e-02
23900 9.117126e-01 6.368895e-03 1.393266e-02 2.764457e-02
24000 9.155273e-01 1.054453e-02 1.156259e-02 2.593116e-02
24100 9.193420e-01 1.511858e-02 8.948331e-03 2.278531e-02
24200 9.231567e-01 1.893762e-02 6.556185e-03 1.850529e-02
24300 9.269714e-01 2.161586e-02 5.120102e-03 1.357231e-02
24400 9.307861e-01 2.298108e-02 5.261340e-03 8.932568e-03
24500 9.346008e-01 2.298480e-02 6.406983e-03 7.035947e-03
24600 9.384155e-01 2.167936e-02 7.630912e-03 9.715680e-03
24700 9.422302e-01 1.920742e-02 8.480041e-03 1.403617e-02
24800 9.460449e-01 1.579739e-02 8.798395e-03 1.807596e-02
24900 9.498596e-01 1.177837e-02 8.572278e-03 2.116739e-02
25000 9.536743e-01 7.695720e-03 7.873411e-03 2.301261e-02
25100 9.574890e-01 4.978739e-03 6.837682e-03 2.348447e-02
25200 9.613037e-01 6.136487e-03 5.660294e-03 2.258004e-02
25300 9.651184e-01 9.431522e-03 4.601639e-03 2.040480e-02
25400 9.689331e-01 1.271439e-02 3.962377e-03 1.716656e-02
25500 9.727478e-01 1.533695e-02 3.899031e-03 1.318692e-02
25600 9.765625e-01 1.704913e-02 4.218500e-03 8.994827e-03
25700 9.803772e-01 1.774505e-02 4.581814e-03 5.841858e-03
25800 9.841919e-01 1.741178e-02 4.757947e-03 6.285350e-03
25900 9.880066e-01 1.611355e-02 4.646896e-03 9.484240e-03
26000 9.918213e-01 1.398397e-02 4.241803e-03 1.296075e-02
26100 9.956360e-01 1.122560e-02 3.608950e-03 1.583455e-02
26200 9.994507e-01 8.136890e-03 2.894278e-03 1.777434e-02
26300 1.003265e+00 5.274838e-03 2.358750e-03 1.863478e-02
26400 1.007080e+00 4.079533e-03 2.317905e-03 1.838202e-02
26500 1.010895e+00 5.630504e-03 2.759281e-03 1.707240e-02
26600 1.014709e+00 8.129496e-03 3.351162e-03 1.484266e-02
26700 1.018524e+00 1.044208e-02 3.835594e-03 1.190800e-02
26800 1.022339e+00 1.219637e-02 4.079793e-03 8.588086e-03
26900 1.026154e+00 1.323707e-02 4.026167e-03 5.479151e-03
27000 1.029968e+00 1.350498e-02 3.668593e-03 4.178825e-03
27100 1.033783e+00 1.300815e-02 3.046580e-03 5.905444e-03
27200 1.037598e+00 1.181158e-02 2.257686e-03 8.599960e-03
27300 1.041412e+00 1.003282e-02 1.537659e-03 1.104332e-02
27400 1.045227e+00 7.846143e-03 1.446349e-03 1.284997e-02
27500 1.049042e+00 5.522046e-03 2.121032e-03 1.386238e-02
27600 1.052856e+00 3.632450e-03 2.989288e-03 1.402719e-02
27700 1.056671e+00 3.429353e-03 3.753399e-03 1.336565e-02
27800 1.060486e+00 4.944396e-03 4.288227e-03 1.196214e-02
27900 1.064301e+00 6.811664e-03 4.529371e-03 9.958354e-03
28000 1.068115e+00 8.428416e-03 4.450322e-03 7.557794e-03
28100 1.071930e+00 9.578263e-03 4.058762e-03 5.078593e-03
28200 1.075745e+00 1.016828e-02 3.399151e-03 3.256612e-03
28300 1.079559e+00 1.017053e-02 2.568148e-03 3.545897e-03
28400 1.083374e+00 9.605982e-03 1.787164e-03 5.337725e-03
28500 1.087189e+00 8.537963e-03 1.585430e-03 7.220999e-03
28600 1.091003e+00 7.069943e-03 2.220129e-03 8.724783e-03
28700 1.094818e+00 5.353782e-03 3.146801e-03 9.683049e-03
28800 1.098633e+00 3.643378e-03 4.016062e-03 1.003406e-02
28900 1.102448e+00 2.535429e-03 4.680501e-03 9.778406e-03
29000 1.106262e+00 2.923191e-03 5.062499e-03 8.965729e-03
29100 1.110077e+00 4.235631e-03 5.122743e-03 7.687894e-03
29200 1.113892e+00 5.603401e-03 4.853736e-03 6.077358e-03
29300 1.117706e+00 6.711595e-03 4.279157e-03 4.323569e-03
29400 1.121521e+00 7.437152e-03 3.457471e-03 2.777514e-03
29500 1.125336e+00 7.728494e-03 2.501545e-03 2.280740e-03
29600 1.129150e+00 7.577661e-03 1.678000e-03 3.190635e-03
29700 1.132965e+00 7.011570e-03 1.613663e-03 4.471282e-03
29800 1.136780e+00 6.088147e-03 2.390265e-03 5.581359e-03
29900 1.140594e+00 4.896325e-03 3.365807e-03 6.348116e-03
30000 1.144409e+00 3.568720e-03 4.237343e-03 6.709146e-03
30100 1.148224e+00 2.353561e-03 4.881411e-03 6.655171e-03
30200 1.152039e+00 1.859400e-03 5.233649e-03 6.214416e-03
30300 1.155853e+00 2.508094e-03 5.263920e-03 5.445833e-03
30400 1.159668e+00 3.566511e-03 4.970840e-03 4.436208e-03
30500 1.163483e+00 4.550785e-03 4.380526e-03 3.305857e-03
30600 1.167297e+00 5.295410e-03 3.548094e-03 2.248785e-03
30700 1.171112e+00 5.731296e-03 2.569733e-03 1.672194e-03
30800 1.174927e+00 5.832468e-03 1.652856e-03 1.973934e-03
30900 1.178741e+00 5.602777e-03 1.375338e-03 2.706152e-03
31000 1.182556e+00 5.071046e-03 2.047729e-03 3.409783e-03
31100 1.186371e+00 4.288881e-03 2.988785e-03 3.919726e-03
31200 1.190186e+00 3.332410e-03 3.846510e-03 4.179105e-03
31300 1.194000e+00 2.320120e-03 4.495827e-03 4.176813e-03
31400 1.197815e+00 1.509141e-03 4.875577e-03 3.930404e-03
31500 1.201630e+00 1.465214e-03 4.957284e-03 3.479554e-03
31600 1.205444e+00 2.152354e-03 4.738457e-03 2.883466e-03
31700 1.209259e+00 2.966960e-03 4.240571e-03 2.223968e-03
31800 1.213074e+00 3.662846e-03 3.508793e-03 1.624481e-03
31900 1.216888e+00 4.151826e-03 2.616790e-03 1.288741e-03
32000 1.220703e+00 4.395818e-03 1.699574e-03 1.377881e-03
32100 1.224518e+00 4.383791e-03 1.139901e-03 1.717135e-03
32200 1.228333e+00 4.125395e-03 1.520293e-03 2.066666e-03
32300 1.232147e+00 3.648267e-03 2.343415e-03 2.314461e-03
32400 1.235962e+00 2.997053e-03 3.143759e-03 2.420378e-03
32500 1.239777e+00 2.236866e-03 3.777650e-03 2.378571e-03
32600 1.243591e+00 1.477968e-03 4.183074e-03 2.204363e-03
32700 1.247406e+00 1.001355e-03 4.330931e-03 1.929354e-03
32800 1.251221e+00 1.232557e-03 4.215511e-03 1.600445e-03
32900 1.255035e+00 1.843118e-03 3.851679e-03 1.282918e-03
33000 1.258850e+00 2.452147e-03 3.273602e-03 1.062987e-03
33100 1.262665e+00 2.936949e-03 2.535715e-03 1.013079e-03
33200 1.266479e+00 3.249293e-03 1.725022e-03 1.107250e-03
33300 1.270294e+00 3.368867e-03 1.044036e-03 1.245434e-03
33400 1.274109e+00 3.293243e-03 1.037937e-03 1.349312e-03
33500 1.277924e+00 3.034679e-03 1.661679e-03 1.381072e-03
33600 1.281738e+00 2.618574e-03 2.357495e-03 1.330329e-03
33700 1.285553e+00 2.083378e-03 2.940488e-03 1.205336e-03
33800 1.289368e+00 1.486004e-03 3.344918e-03 1.030046e-03
33900 1.293182e+00 9.366214e-04 3.540625e-03 8.459037e-04
34000 1.296997e+00 7.394587e-04 3.518537e-03 7.152202e-04
34100 1.300812e+00 1.081216e-03 3.286964e-03 6.985076e-04
34200 1.304626e+00 1.574772e-03 2.869900e-03 7.869049e-04
34300 1.308441e+00 2.019351e-03 2.306453e-03 9.106772e-04
34400 1.312256e+00 2.351125e-03 1.654677e-03 1.010377e-03
34500 1.316071e+00 2.542781e-03 1.021471e-03 1.053301e-03
34600 1.319885e+00 2.584045e-03 7.283050e-04 1.025414e-03
34700 1.323700e+00 2.477087e-03 1.087211e-03 9.256320e-04
34800 1.327515e+00 2.234809e-03 1.642474e-03 7.636569e-04
34900 1.331329e+00 1.880010e-03 2.142342e-03 5.616156e-04
35000 1.335144e+00 1.446161e-03 2.513473e-03 3.695575e-04
35100 1.338959e+00 9.855563e-04 2.725138e-03 3.175151e-04
35200 1.342773e+00 6.182135e-04 2.766129e-03 4.652139e-04
35300 1.346588e+00 6.268785e-04 2.639745e-03 6.662764e-04
35400 1.350403e+00 9.636337e-04 2.361851e-03 8.422288e-04
35500 1.354218e+00 1.341137e-03 1.959779e-03 9.633205e-04
35600 1.358032e+00 1.658574e-03 1.473068e-03 1.015344e-03
35700 1.361847e+00 1.880059e-03 9.638234e-04 9.930383e-04
35800 1.365662e+00 1.989750e-03 5.868785e-04 8.987426e-04
35900 1.369476e+00 1.983183e-03 6.803008e-04 7.423587e-04
36000 1.373291e+00 1.864921e-03 1.074784e-03 5.434213e-04
36100 1.377106e+00 1.647554e-03 1.471350e-03 3.449240e-04
36200 1.380920e+00 1.351390e-03 1.784002e-03 2.765837e-04
36300 1.384735e+00 1.006259e-03 1.981862e-03 4.266615e-04
36400 1.388550e+00 6.635894e-04 2.052922e-03 6.369417e-04
36500 1.392365e+00 4.561782e-04 1.997215e-03 8.263124e-04
36600 1.396179e+00 5.728021e-04 1.824645e-03 9.660575e-04
36700 1.399994e+00 8.545833e-04 1.553795e-03 1.041743e-03
36800 1.403809e+00 1.133584e-03 1.211661e-03 1.046792e-03
36900 1.407623e+00 1.355593e-03 8.373336e-04 9.813563e-04
37000 1.411438e+00 1.498884e-03 5.087201e-04 8.522649e-04
37100 1.415253e+00 1.554191e-03 4.386839e-04 6.740083e-04
37200 1.419067e+00 1.520387e-03 6.754373e-04 4.742522e-04
37300 1.422882e+00 1.403121e-03 9.636506e-04 3.216613e-04
37400 1.426697e+00 1.214229e-03 1.204446e-03 3.522644e-04
37500 1.430511e+00 9.719170e-04 1.367279e-03 5.298059e-04
37600 1.434326e+00 7.038225e-04 1.440592e-03 7.274744e-04
37700 1.438141e+00 4.636982e-04 1.422857e-03 8.946865e-04
37800 1.441956e+00 3.823176e-04 1.320151e-03 1.009773e-03
37900 1.445770e+00 5.284191e-04 1.145009e-03 1.061640e-03
38000 1.449585e+00 7.474731e-04 9.159056e-04 1.046095e-03
38100 1.453400e+00 9.485525e-04 6.587203e-04 9.650359e-04
38200 1.457214e+00 1.100040e-03 4.182930e-04 8.263754e-04
38300 1.461029e+00 1.188337e-03 3.093346e-04 6.450205e-04
38400 1.464844e+00 1.208263e-03 4.258760e-04 4.485477e-04
38500 1.468658e+00 1.160656e-03 6.151665e-04 3.053736e-04
38600 1.472473e+00 1.051519e-03 7.826674e-04 3.425107e-04
38700 1.476288e+00 8.917359e-04 9.000256e-04 5.125429e-04
38800 1.480103e+00 6.977538e-04 9.572125e-04 6.976955e-04
38900 1.483917e+00 4.960627e-04 9.524582e-04 8.527406e-04
39000 1.487732e+00 3.429373e-04 8.897314e-04 9.585425e-04
39100 1.491547e+00 3.417111e-04 7.776951e-04 1.005577e-03
39200 1.495361e+00 4.776829e-04 6.292525e-04 9.905400e-04
39300 1.499176e+00 6.416830e-04 4.624279e-04 9.154973e-04
39400 1.502991e+00 7.835587e-04 3.070317e-04 7.876660e-04
39500 1.506805e+00 8.839426e-04 2.292329e-04 6.199114e-04
39600 1.510620e+00 9.343434e-04 2.867109e-04 4.343755e-04
39700 1.514435e+00 9.322111e-04 3.994477e-04 2.825027e-04
39800 1.518250e+00 8.795153e-04 5.022049e-04 2.823572e-04
39900 1.522064e+00 7.822100e-04 5.733054e-04 4.261941e-04
40000 1.525879e+00 6.502010e-04 6.054313e-04 5.940389e-04
40100 1.529694e+00 4.985310e-04 5.975863e-04 7.378502e-04
40200 1.533508e+00 3.531815e-04 5.529618e-04 8.391640e-04
40300 1.537323e+00 2.692539e-04 4.781193e-04 8.891380e-04
40400 1.541138e+00 3.077732e-04 3.827981e-04 8.845790e-04
40500 1.544952e+00 4.205819e-04 2.810955e-04 8.269495e-04
40600 1.548767e+00 5.401886e-04 1.972556e-04 7.220127e-04
40700 1.552582e+00 6.379364e-04 1.729934e-04 5.799104e-04
40800 1.556396e+00 7.018108e-04 2.165157e-04 4.168810e-04
40900 1.560211e+00 7.267087e-04 2.799486e-04 2.658598e-04
41000 1.564026e+00 7.117854e-04 3.329266e-04 2.165799e-04
41100 1.567841e+00 6.595917e-04 3.642162e-04 3.183515e-04
41200 1.571655e+00 5.757639e-04 3.702873e-04 4.618606e-04
41300 1.575470e+00 4.692229e-04 3.516505e-04 5.906854e-04
41400 1.579285e+00 3.538377e-04 3.117140e-04 6.858172e-04
41500 1.583099e+00 2.550589e-04 2.564746e-04 7.387163e-04
41600 1.586914e+00 2.205999e-04 1.951444e-04 7.460494e-04
41700 1.590729e+00 2.722622e-04 1.431798e-04 7.084666e-04
41800 1.594543e+00 3.605953e-04 1.252053e-04 6.301574e-04
41900 1.598358e+00 4.459597e-04 1.488136e-04 5.186990e-04
42000 1.602173e+00 5.115482e-04 1.878375e-04 3.856821e-04
42100 1.605988e+00 5.499781e-04 2.215372e-04 2.513784e-04
42200 1.609802e+00 5.584017e-04 2.410972e-04 1.699724e-04
42300 1.613617e+00 5.370411e-04 2.433469e-04 2.202302e-04
42400 1.617432e+00 4.886659e-04 2.282092e-04 3.333534e-04
42500 1.621246e+00 4.184540e-04 1.978973e-04 4.427236e-04
42600 1.625061e+00 3.343978e-04 1.568521e-04 5.276618e-04
42700 1.628876e+00 2.493853e-04 1.129433e-04 5.798109e-04
42800 1.632690e+00 1.877201e-04 8.254433e-05 5.957409e-04
42900 1.636505e+00 1.844037e-04 8.877088e-05 5.754001e-04
43000 1.640320e+00 2.352535e-04 1.215895e-04 5.216058e-04
43100 1.644135e+00 3.019355e-04 1.568529e-04 4.397982e-04
43200 1.647949e+00 3.615587e-04 1.835727e-04 3.381721e-04
43300 1.651764e+00 4.041688e-04 1.972422e-04 2.295680e-04
43400 1.655579e+00 4.253564e-04 1.961802e-04 1.432842e-04
43500 1.659393e+00 4.237451e-04 1.805826e-04 1.471910e-04
43600 1.663208e+00 4.001701e-04 1.522733e-04 2.267114e-04
43700 1.667023e+00 3.573746e-04 1.148807e-04 3.136689e-04
43800 1.670837e+00 3.000055e-04 7.558873e-05 3.847759e-04
43900 1.674652e+00 2.352067e-04 5.425193e-05 4.318290e-04
44000 1.678467e+00 1.750123e-04 7.469694e-05 4.514620e-04
44100 1.682281e+00 1.414339e-04 1.124257e-04 4.431656e-04
44200 1.686096e+00 1.547147e-04 1.477048e-04 4.087178e-04
44300 1.689911e+00 1.987938e-04 1.738446e-04 3.519118e-04
44400 1.693726e+00 2.477964e-04 1.878093e-04 2.784993e-04
44500 1.697540e+00 2.885378e-04 1.883054e-04 1.969446e-04
44600 1.701355e+00 3.151318e-04 1.754115e-04 1.235465e-04
44700 1.705170e+00 3.250633e-04 1.505066e-04 1.012092e-04
44800 1.708984e+00 3.178748e-04 1.164170e-04 1.486759e-04
44900 1.712799e+00 2.947044e-04 7.852751e-05 2.126773e-04
45000 1.716614e+00 2.581247e-04 5.139584e-05 2.679739e-04
45100 1.720428e+00 2.122467e-04 6.295266e-05 3.065897e-04
45200 1.724243e+00 1.634812e-04 9.844546e-05 3.254020e-04
45300 1.728058e+00 1.230744e-04 1.346090e-04 3.237078e-04
45400 1.731873e+00 1.093321e-04 1.636757e-04 3.025977e-04
45500 1.735687e+00 1.292820e-04 1.822452e-04 2.646871e-04
45600 1.739502e+00 1.649257e-04 1.886260e-04 2.140070e-04
45700 1.743317e+00 2.001482e-04 1.823589e-04 1.563294e-04
45800 1.747131e+00 2.273448e-04 1.641131e-04 1.015902e-04
45900 1.750946e+00 2.430731e-04 1.356956e-04 7.430444e-05
46000 1.754761e+00 2.459998e-04 1.003458e-04 9.785907e-05
46100 1.758575e+00 2.362043e-04 6.462067e-05 1.409884e-04
46200 1.762390e+00 2.149224e-04 4.775253e-05 1.804713e-04
46300 1.766205e+00 1.844801e-04 6.923651e-05 2.089652e-04
46400 1.770020e+00 1.484895e-04 1.044360e-04 2.237732e-04
46500 1.773834e+00 1.127592e-04 1.372754e-04 2.242237e-04
46600 1.777649e+00 8.769492e-05 1.624069e-04 2.110268e-04
46700 1.781464e+00 8.663534e-05 1.772974e-04 1.860256e-04
46800 1.785278e+00 1.073778e-04 1.807527e-04 1.520944e-04
46900 1.789093e+00 1.349719e-04 1.726277e-04 1.133331e-04
47000 1.792908e+00 1.598228e-04 1.537492e-04 7.649917e-05
47100 1.796722e+00 1.775264e-04 1.259189e-04 5.638645e-05
47200 1.800537e+00 1.861052e-04 9.217156e-05 6.804427e-05
47300 1.804352e+00 1.849396e-04 5.850567e-05 9.480508e-05
47400 1.808167e+00 1.743953e-04 4.279978e-05 1.202455e-04
47500 1.811981e+00 1.556838e-04 6.288980e-05 1.385945e-04
47600 1.815796e+00 1.308652e-04 9.507272e-05 1.477991e-04
47700 1.819611e+00 1.031230e-04 1.248158e-04 1.473973e-04
47800 1.823425e+00 7.779613e-05 1.474686e-04 1.379609e-04
47900 1.827240e+00 6.421461e-05 1.608799e-04 1.208931e-04
48000 1.831055e+00 7.014123e-05 1.640738e-04 9.837061e-05
48100 1.834869e+00 8.876617e-05 1.569837e-04 7.356682e-05
48200 1.838684e+00 1.095024e-04 1.403709e-04 5.182469e-05
48300 1.842499e+00 1.267463e-04 1.158030e-04 4.294216e-05
48400 1.846313e+00 1.379323e-04 8.579965e-05 5.185005e-05
48500 1.850128e+00 1.419544e-04 5.493556e-05 6.783117e-05
48600 1.853943e+00 1.386083e-04 3.647442e-05 8.226461e-05
48700 1.857758e+00 1.283887e-04 5.020921e-05 9.178768e-05
48800 1.861572e+00 1.124218e-04 7.786231e-05 9.521259e-05
48900 1.865387e+00 9.251742e-05 1.041798e-04 9.242254e-05
49000 1.869202e+00 7.151691e-05 1.246231e-04 8.403509e-05
49100 1.873016e+00 5.438907e-05 1.372399e-04 7.129051e-05
49200 1.876831e+00 4.893623e-05 1.411547e-04 5.610770e-05
49300 1.880646e+00 5.777290e-05 1.362763e-04 4.153705e-05
49400 1.884460e+00 7.321836e-05 1.232074e-04 3.283263e-05
49500 1.888275e+00 8.846225e-05 1.032043e-04 3.487968e-05
49600 1.892090e+00 1.002285e-04 7.823129e-05 4.388781e-05
49700 1.895905e+00 1.070121e-04 5.152995e-05 5.343800e-05
49800 1.899719e+00 1.082224e-04 3.146566e-05 6.030517e-05
49900 1.903534e+00 1.038865e-04 3.684547e-05 6.319883e-05
50000 1.907349e+00 9.453994e-05 5.885217e-05 6.177590e-05
50100 1.911163e+00 8.120223e-05 8.121032e-05 5.630763e-05
50200 1.914978e+00 6.547042e-05 9.914023e-05 4.757774e-05
50300 1.918793e+00 4.993102e-05 1.108087e-04 3.694315e-05
50400 1.922607e+00 3.919216e-05 1.154018e-04 2.679597e-05
50500 1.926422e+00 3.897701e-05 1.127772e-04 2.168471e-05
50600 1.930237e+00 4.818715e-05 1.033643e-04 2.520124e-05
50700 1.934052e+00 6.037374e-05 8.811504e-05 3.317072e-05
50800 1.937866e+00 7.137064e-05 6.850707e-05 4.088892e-05
50900 1.941681e+00 7.923443e-05 4.680633e-05 4.625919e-05
51000 1.945496e+00 8.307906e-05 2.796302e-05 4.840847e-05
51100 1.949310e+00 8.261706e-05 2.605139e-05 4.707330e-05
51200 1.953125e+00 7.799894e-05 4.184247e-05 4.241767e-05
51300 1.956940e+00 6.975474e-05 5.987213e-05 3.497986e-05
51400 1.960754e+00 5.879955e-05 7.489700e-05 2.573238e-05
51500 1.964569e+00 4.656190e-05 8.516834e-05 1.661563e-05
51600 1.968384e+00 3.544135e-05 8.993386e-05 1.288690e-05
51700 1.972198e+00 2.955153e-05 8.901399e-05 1.857661e-05
51800 1.976013e+00 3.221157e-05 8.269180e-05 2.718062e-05
51900 1.979828e+00 4.049104e-05 7.166116e-05 3.481378e-05
52000 1.983643e+00 4.977621e-05 5.700859e-05 4.014962e-05
52100 1.987457e+00 5.755511e-05 4.032745e-05 4.259981e-05
52200 1.991272e+00 6.265333e-05 2.461745e-05 4.195858e-05
52300 1.995087e+00 6.455373e-05 1.873501e-05 3.832513e-05
52400 1.998901e+00 6.314851e-05 2.860410e-05 3.208240e-05
52500 2.002716e+00 5.864984e-05 4.229103e-05 2.392731e-05
52600 2.006531e+00 5.156146e-05 5.420147e-05 1.516972e-05
52700 2.010345e+00 4.270622e-05 6.267220e-05 9.805175e-06
52800 2.014160e+00 3.338423e-05 6.702900e-05 1.417837e-05
52900 2.017975e+00 2.583156e-05 6.708365e-05 2.247307e-05
53000 2.021790e+00 2.340646e-05 6.301543e-05 3.020263e-05
53100 2.025604e+00 2.722778e-05 5.532068e-05 3.605361e-05
53200 2.029419e+00 3.408580e-05 4.478841e-05 3.943106e-05
53300 2.033234e+00 4.096273e-05 3.255079e-05 4.006581e-05
53400 2.037048e+00 4.633432e-05 2.054139e-05 3.794657e-05
53500 2.040863e+00 4.948234e-05 1.404805e-05 3.330377e-05
53600 2.044678e+00 5.011571e-05 1.939772e-05 2.661697e-05
53700 2.048492e+00 4.823355e-05 2.914223e-05 1.871623e-05
53800 2.052307e+00 4.407478e-05 3.800907e-05 1.147486e-05
53900 2.056122e+00 3.810872e-05 4.448084e-05 1.037299e-05
54000 2.059937e+00 3.108018e-05 4.798470e-05 1.664743e-05
54100 2.063751e+00 2.418833e-05 4.835360e-05 2.419843e-05
54200 2.067566e+00 1.946695e-05 4.570638e-05 3.068211e-05
54300 2.071381e+00 1.927051e-05 4.040135e-05 3.525499e-05
54400 2.075195e+00 2.320105e-05 3.301351e-05 3.750434e-05
54500 2.079010e+00 2.859042e-05 2.436244e-05 3.727271e-05
54600 2.082825e+00 3.354787e-05 1.579156e-05 3.462097e-05
54700 2.086639e+00 3.713864e-05 1.066254e-05 2.981830e-05
54800 2.090454e+00 3.892533e-05 1.355577e-05 2.335738e-05
54900 2.094269e+00 3.875895e-05 2.012515e-05 1.608757e-05
55000 2.098083e+00 3.670159e-05 2.628407e-05 1.005318e-05
55100 2.101898e+00 3.299857e-05 3.079753e-05 1.034984e-05
55200 2.105713e+00 2.808215e-05 3.322209e-05 1.632348e-05
55300 2.109528e+00 2.263050e-05 3.343618e-05 2.297666e-05
55400 2.113342e+00 1.775039e-05 3.153413e-05 2.855009e-05
55500 2.117157e+00 1.517843e-05 2.778725e-05 3.236921e-05
55600 2.120972e+00 1.620172e-05 2.262708e-05 3.410853e-05
55700 2.124786e+00 1.971037e-05 1.667312e-05 3.366069e-05
55800 2.128601e+00 2.378279e-05 1.096324e-05 3.110508e-05
55900 2.132416e+00 2.725362e-05 7.941025e-06 2.669755e-05
56000 2.136230e+00 2.954743e-05 1.010035e-05 2.088144e-05
56100 2.140045e+00 3.040496e-05 1.442339e-05 1.439805e-05
56200 2.143860e+00 2.976729e-05 1.839019e-05 8.981590e-06
56300 2.147675e+00 2.773154e-05 2.118421e-05 8.998031e-06
56400 2.151489e+00 2.453693e-05 2.251551e-05 1.409633e-05
56500 2.155304e+00 2.057823e-05 2.232381e-05 1.985710e-05
56600 2.159119e+00 1.647391e-05 2.070479e-05 2.469689e-05
56700 2.162933e+00 1.322587e-05 1.788290e-05 2.802799e-05
56800 2.166748e+00 1.216614e-05 1.420593e-05 2.957506e-05
56900 2.170563e+00 1.369018e-05 1.019470e-05 2.925132e-05
57000 2.174377e+00 1.657794e-05 6.825004e-06 2.712774e-05
57100 2.178192e+00 1.955317e-05 6.065981e-06 2.342114e-05
57200 2.182007e+00 2.190185e-05 8.238411e-06 1.849772e-05
57300 2.185822e+00 2.327271e-05 1.108176e-05 1.294256e-05
57400 2.189636e+00 2.352109e-05 1.342426e-05 8.015744e-06
57500 2.193451e+00 2.264402e-05 1.485833e-05 7.171402e-06
57600 2.197266e+00 2.075502e-05 1.524445e-05 1.112637e-05
57700 2.201080e+00 1.807938e-05 1.458691e-05 1.595830e-05
57800 2.204895e+00 1.497465e-05 1.299777e-05 2.010229e-05
57900 2.208710e+00 1.200140e-05 1.068560e-05 2.302145e-05
58000 2.212524e+00 1.002653e-05 7.974077e-06 2.447380e-05
58100 2.216339e+00 9.919027e-06 5.432996e-06 2.438059e-05
58200 2.220154e+00 1.150275e-05 4.283947e-06 2.279424e-05
58300 2.223969e+00 1.375220e-05 5.409596e-06 1.988548e-05
58400 2.227783e+00 1.585718e-05 7.429571e-06 1.594106e-05
58500 2.231598e+00 1.738239e-05 9.249000e-06 1.140057e-05
58600 2.235413e+00 1.811817e-05 1.046712e-05 7.115588e-06
58700 2.239227e+00 1.799296e-05 1.093251e-05 5.518158e-06
58800 2.243042e+00 1.703659e-05 1.061470e-05 8.234210e-06
58900 2.246857e+00 1.536654e-05 9.570143e-06 1.210986e-05
59000 2.250671e+00 1.318943e-05 7.932002e-06 1.554586e-05
59100 2.254486e+00 1.082622e-05 5.921829e-06 1.803915e-05
59200 2.258301e+00 8.776452e-06 3.946503e-06 1.937490e-05
59300 2.262115e+00 7.735917e-06 2.989325e-06 1.947957e-05
59400 2.265930e+00 8.139189e-06 3.939956e-06 1.838700e-05
59500 2.269745e+00 9.556170e-06 5.637808e-06 1.622530e-05
59600 2.273560e+00 1.123657e-05 7.182342e-06 1.321164e-05
59700 2.277374e+00 1.267856e-05 8.258753e-06 9.669679e-06
59800 2.281189e+00 1.361891e-05 8.738923e-06 6.168837e-06
59900 2.285004e+00 1.393735e-05 8.584502e-06 4.271212e-06
60000 2.288818e+00 1.360754e-05 7.824005e-06 5.858365e-06
60100 2.292633e+00 1.267634e-05 6.546251e-06 8.803240e-06
60200 2.296448e+00 1.125707e-05 4.907202e-06 1.152960e-05
60300 2.300262e+00 9.535396e-06 3.195917e-06 1.356501e-05
60400 2.304077e+00 7.796350e-06 2.204185e-06 1.472115e-05
60500 2.307892e+00 6.471242e-06 2.990349e-06 1.493155e-05
60600 2.311707e+00 6.060571e-06 4.537175e-06 1.421627e-05
60700 2.315521e+00 6.669551e-06 5.983104e-06 1.266911e-05
60800 2.319336e+00 7.834072e-06 7.052769e-06 1.045159e-05
60900 2.323151e+00 9.047603e-06 7.627986e-06 7.800872e-06
61000 2.326965e+00 1.000321e-05 7.661618e-06 5.107071e-06
61100 2.330780e+00 1.054378e-05 7.160391e-06 3.353055e-06
61200 2.334595e+00 1.060461e-05 6.180165e-06 4.129558e-06
61300 2.338409e+00 1.018582e-05 4.827879e-06 6.242203e-06
61400 2.342224e+00 9.340844e-06 3.289802e-06 8.295731e-06
61500 2.346039e+00 8.174175e-06 2.024057e-06 9.862412e-06
61600 2.349854e+00 6.849966e-06 2.171778e-06 1.078288e-05
61700 2.353668e+00 5.617787e-06 3.481209e-06 1.100118e-05
61800 2.357483e+00 4.832366e-06 4.882616e-06 1.052977e-05
61900 2.361298e+00 4.801469e-06 6.024262e-06 9.437719e-06
62000 2.365112e+00 5.434812e-06 6.768950e-06 7.845030e-06
62100 2.368927e+00 6.341109e-06 7.051789e-06 5.926935e-06
62200 2.372742e+00 7.193442e-06 6.855861e-06 3.962874e-06
62300 2.376556e+00 7.805189e-06 6.206426e-06 2.605493e-06
62400 2.380371e+00 8.084239e-06 5.169530e-06 2.978024e-06
62500 2.384186e+00 7.999475e-06 3.858422e-06 4.425793e-06
62600 2.388000e+00 7.565205e-06 2.483409e-06 5.886090e-06
62700 2.391815e+00 6.834994e-06 1.655223e-06 7.008113e-06
62800 2.395630e+00 5.902286e-06 2.289311e-06 7.666164e-06
62900 2.399445e+00 4.910458e-06 3.557658e-06 7.818067e-06
63000 2.403259e+00 4.073874e-06 4.761394e-06 7.474369e-06
63100 2.407074e+00 3.665321e-06 5.687802e-06 6.688144e-06
63200 2.410889e+00 3.831010e-06 6.243067e-06 5.550609e-06
63300 2.414703e+00 4.399679e-06 6.384650e-06 4.195165e-06
63400 2.418518e+00 5.079948e-06 6.108585e-06 2.836923e-06
63500 2.422333e+00 5.665268e-06 5.445870e-06 1.958733e-06
63600 2.426147e+00 6.042354e-06 4.461733e-06 2.253364e-06
63700 2.429962e+00 6.158501e-06 3.262996e-06 3.233891e-06
63800 2.433777e+00 6.002158e-06 2.052992e-06 4.212175e-06
63900 2.437592e+00 5.594117e-06 1.444358e-06 4.946296e-06
64000 2.441406e+00 4.984564e-06 2.126768e-06 5.349028e-06
64100 2.445221e+00 4.255495e-06 3.249886e-06 5.394298e-06
64200 2.449036e+00 3.531001e-06 4.281198e-06 5.094958e-06
64300 2.452850e+00 2.990583e-06 5.058023e-06 4.495260e-06
64400 2.456665e+00 2.826393e-06 5.507426e-06 3.668452e-06
64500 2.460480e+00 3.070607e-06 5.598126e-06 2.723646e-06
64600 2.464294e+00 3.543471e-06 5.330931e-06 1.850028e-06
64700 2.468109e+00 4.042082e-06 4.735665e-06 1.452200e-06
64800 2.471924e+00 4.436680e-06 3.870270e-06 1.823441e-06
64900 2.475739e+00 4.658465e-06 2.826468e-06 2.501551e-06
65000 2.479553e+00 4.678355e-06 1.773956e-06 3.119138e-06
65100 2.483368e+00 4.495694e-06 1.221099e-06 3.543747e-06
65200 2.487183e+00 4.133308e-06 1.781080e-06 3.726471e-06
65300 2.490997e+00 3.636515e-06 2.732264e-06 3.657658e-06
65400 2.494812e+00 3.076597e-06 3.606781e-06 3.354922e-06
65500 2.498627e+00 2.560212e-06 4.265868e-06 2.859013e-06
65600 2.502441e+00 2.232803e-06 4.649114e-06 2.234734e-06
65700 2.506256e+00 2.214521e-06 4.731451e-06 1.586485e-06
65800 2.510071e+00 2.470787e-06 4.514525e-06 1.125073e-06
65900 2.513885e+00 2.847027e-06 4.023777e-06 1.169283e-06
66000 2.517700e+00 3.206672e-06 3.307254e-06 1.598880e-06
66100 2.521515e+00 3.467966e-06 2.438960e-06 2.071698e-06
66200 2.525330e+00 3.589169e-06 1.548282e-06 2.436648e-06
66300 2.529144e+00 3.555275e-06 1.006720e-06 2.636535e-06
66400 2.532959e+00 3.371404e-06 1.386765e-06 2.652077e-06
66500 2.536774e+00 3.060122e-06 2.157718e-06 2.487238e-06
66600 2.540588e+00 2.661661e-06 2.882103e-06 2.164668e-06
66700 2.544403e+00 2.237890e-06 3.434932e-06 1.725147e-06
66800 2.548218e+00 1.879859e-06 3.764697e-06 1.235440e-06
66900 2.552032e+00 1.700340e-06 3.850356e-06 8.317917e-07
67000 2.555847e+00 1.760977e-06 3.692904e-06 7.884598e-07
67100 2.559662e+00 1.996952e-06 3.312558e-06 1.109937e-06
67200 2.563477e+00 2.288099e-06 2.747390e-06 1.499932e-06
67300 2.567291e+00 2.543944e-06 2.054944e-06 1.818610e-06
67400 2.571106e+00 2.712747e-06 1.330108e-06 2.013972e-06
67500 2.574921e+00 2.769434e-06 8.248598e-07 2.065541e-06
67600 2.578735e+00 2.707415e-06 1.031997e-06 1.971178e-06
67700 2.582550e+00 2.534713e-06 1.627493e-06 1.743368e-06
67800 2.586365e+00 2.272643e-06 2.207742e-06 1.408276e-06
67900 2.590179e+00 1.956770e-06 2.658106e-06 1.009316e-06
68000 2.593994e+00 1.640958e-06 2.934517e-06 6.344039e-07
68100 2.597809e+00 1.402043e-06 3.019235e-06 5.241943e-07
68200 2.601624e+00 1.321928e-06 2.912459e-06 7.913660e-07
68300 2.605438e+00 1.418907e-06 2.629647e-06 1.144496e-06
68400 2.609253e+00 1.621552e-06 2.200144e-06 1.446312e-06
68500 2.613068e+00 1.841937e-06 1.667811e-06 1.650513e-06
68600 2.616882e+00 2.020662e-06 1.101809e-06 1.737003e-06
68700 2.620697e+00 2.125020e-06 6.704071e-07 1.700076e-06
68800 2.624512e+00 2.140409e-06 7.545115e-07 1.545663e-06
68900 2.628326e+00 2.065330e-06 1.193044e-06 1.290447e-06
69000 2.632141e+00 1.909149e-06 1.639661e-06 9.628898e-07
69100 2.635956e+00 1.691607e-06 1.991590e-06 6.141926e-07
69200 2.639771e+00 1.444223e-06 2.211909e-06 3.931477e-07
69300 2.643585e+00 1.213987e-06 2.286125e-06 5.464026e-07
69400 2.647400e+00 1.064160e-06 2.214097e-06 8.618710e-07
69500 2.651215e+00 1.048064e-06 2.007565e-06 1.157297e-06
69600 2.655029e+00 1.155410e-06 1.688907e-06 1.379978e-06
69700 2.658844e+00 1.321358e-06 1.291349e-06 1.507280e-06
69800 2.662659e+00 1.484269e-06 8.660218e-07 1.529601e-06
69900 2.666473e+00 1.605520e-06 5.296656e-07 1.447254e-06
70000 2.670288e+00 1.664710e-06 5.558500e-07 1.269585e-06
70100 2.674103e+00 1.653948e-06 8.679419e-07 1.014917e-06
70200 2.677917e+00 1.574836e-06 1.197328e-06 7.135142e-07
70300 2.681732e+00 1.437212e-06 1.458607e-06 4.299242e-07
70400 2.685547e+00 1.259194e-06 1.622385e-06 3.639530e-07
70500 2.689362e+00 1.068794e-06 1.677581e-06 5.904452e-07
70600 2.693176e+00 9.067452e-07 1.624312e-06 8.695317e-07
70700 2.696991e+00 8.226259e-07 1.471755e-06 1.108396e-06
70800 2.700806e+00 8.445588e-07 1.237117e-06 1.275821e-06
70900 2.704620e+00 9.469715e-07 9.458174e-07 1.357157e-06
71000 2.708435e+00 1.077471e-06 6.370083e-07 1.347256e-06
71100 2.712250e+00 1.194320e-06 3.987313e-07 1.248950e-06
71200 2.716064e+00 1.272778e-06 4.208290e-07 1.072536e-06
71300 2.719879e+00 1.300510e-06 6.421012e-07 8.360929e-07
71400 2.723694e+00 1.273969e-06 8.750540e-07 5.697389e-07
71500 2.727509e+00 1.196593e-06 1.057628e-06 3.451529e-07
71600 2.731323e+00 1.078168e-06 1.168479e-06 3.532154e-07
71700 2.735138e+00 9.351982e-07 1.200052e-06 5.698746e-07
71800 2.738953e+00 7.925123e-07 1.153212e-06 8.068569e-07
71900 2.742767e+00 6.846233e-07 1.035580e-06 1.002506e-06
72000 2.746582e+00 6.470836e-07 8.607995e-07 1.133936e-06
72100 2.750397e+00 6.880013e-07 6.489709e-07 1.190459e-06
72200 2.754211e+00 7.772140e-07 4.323411e-07 1.169085e-06
72300 2.758026e+00 8.758210e-07 2.863951e-07 1.073424e-06
72400 2.761841e+00 9.563986e-07 3.340304e-07 9.132687e-07
72500 2.765656e+00 1.003447e-06 4.946611e-07 7.049654e-07
72600 2.769470e+00 1.009939e-06 6.530780e-07 4.756290e-07
72700 2.773285e+00 9.750958e-07 7.716516e-07 2.913719e-07
72800 2.777100e+00 9.033412e-07 8.369051e-07 3.138475e-07
72900 2.780914e+00 8.040514e-07 8.446693e-07 5.003251e-07
73000 2.784729e+00 6.921150e-07 7.968189e-07 6.987763e-07
73100 2.788544e+00 5.892486e-07 7.001798e-07 8.606418e-07
73200 2.792358e+00 5.233390e-07 5.661630e-07 9.676281e-07
73300 2.796173e+00 5.162836e-07 4.118743e-07 1.011408e-06
73400 2.799988e+00 5.629133e-07 2.681617e-07 9.900335e-07
73500 2.803802e+00 6.355019e-07 2.092627e-07 9.069860e-07
73600 2.807617e+00 7.069629e-07 2.848384e-07 7.707926e-07
73700 2.811432e+00 7.597586e-07 4.030461e-07 5.952679e-07
73800 2.815247e+00 7.844858e-07 5.065371e-07 4.028268e-07
73900 2.819061e+00 7.775613e-07 5.764512e-07 2.466129e-07
74000 2.822876e+00 7.398918e-07 6.057341e-07 2.582340e-07
74100 2.826691e+00 6.762912e-07 5.930706e-07 4.094940e-07
74200 2.830505e+00 5.954750e-07 5.413398e-07 5.725489e-07
74300 2.834320e+00 5.106672e-07 4.570645e-07 7.058139e-07
74400 2.838135e+00 4.403358e-07 3.505738e-07 7.940761e-07
74500 2.841949e+00 4.052833e-07 2.387742e-07 8.306059e-07
74600 2.845764e+00 4.156178e-07 1.599589e-07 8.139535e-07
74700 2.849579e+00 4.597194e-07 1.789100e-07 7.470867e-07
74800 2.853394e+00 5.155295e-07 2.622310e-07 6.370151e-07
74900 2.857208e+00 5.650635e-07 3.472182e-07 4.948869e-07
75000 2.861023e+00 5.973887e-07 4.115146e-07 3.382705e-07
75100 2.864838e+00 6.070589e-07 4.468386e-07 2.066048e-07
75200 2.868652e+00 5.926586e-07 4.503520e-07 2.022855e-07
75300 2.872467e+00 5.560225e-07 4.227559e-07 3.187202e-07
75400 2.876282e+00 5.019411e-07 3.677060e-07 4.490953e-07
75500 2.880096e+00 4.382927e-07 2.917207e-07 5.566744e-07
75600 2.883911e+00 3.765576e-07 2.053175e-07 6.286482e-07
75700 2.887726e+00 3.317176e-07 1.305440e-07 6.595219e-07
75800 2.891541e+00 3.175163e-07 1.205918e-07 6.481343e-07
75900 2.895355e+00 3.355512e-07 1.806664e-07 5.968625e-07
76000 2.899170e+00 3.729794e-07 2.522204e-07 5.112683e-07
76100 2.902985e+00 4.138311e-07 3.109292e-07 4.000966e-07
76200 2.906799e+00 4.465606e-07 3.482468e-07 2.767778e-07
76300 2.910614e+00 4.645281e-07 3.606899e-07 1.697445e-07
76400 2.914429e+00 4.647925e-07 3.477330e-07 1.548347e-07
76500 2.918243e+00 4.472292e-07 3.112597e-07 2.403946e-07
76600 2.922058e+00 4.140825e-07 2.554001e-07 3.412441e-07
76700 2.925873e+00 3.698464e-07 1.869369e-07 4.254040e-07
76800 2.929688e+00 3.214471e-07 1.186730e-07 4.822152e-07
76900 2.933502e+00 2.785362e-07 8.673194e-08 5.072601e-07
77000 2.937317e+00 2.524628e-07 1.256227e-07 4.996263e-07
77100 2.941132e+00 2.507827e-07 1.874604e-07 4.611873e-07
77200 2.944946e+00 2.702924e-07 2.428313e-07 3.962855e-07
77300 2.948761e+00 2.998105e-07 2.824238e-07 3.116912e-07
77400 2.952576e+00 3.284548e-07 3.022436e-07 2.176373e-07
77500 2.956390e+00 3.489792e-07 3.008949e-07 1.349056e-07
77600 2.960205e+00 3.574642e-07 2.790001e-07 1.181329e-07
77700 2.964020e+00 3.524997e-07 2.390153e-07 1.793544e-07
77800 2.967834e+00 3.346624e-07 1.852931e-07 2.546550e-07
77900 2.971649e+00 3.062678e-07 1.251800e-07 3.178932e-07
78000 2.975464e+00 2.713493e-07 7.660807e-08 3.605482e-07
78100 2.979279e+00 2.358231e-07 8.326756e-08 3.792165e-07
78200 2.983093e+00 2.074696e-07 1.331490e-07 3.732638e-07
78300 2.986908e+00 1.941568e-07 1.856535e-07 3.442073e-07
78400 2.990723e+00 1.988404e-07 2.278362e-07 2.954497e-07
78500 2.994537e+00 2.165308e-07 2.547504e-07 2.322466e-07
78600 2.998352e+00 2.386377e-07 2.641694e-07 1.625272e-07
78700 3.002167e+00 2.579995e-07 2.556663e-07 1.022830e-07
78800 3.005981e+00 2.701334e-07 2.303765e-07 9.102252e-08
78900 3.009796e+00 2.727973e-07 1.909243e-07 1.353480e-07
79000 3.013611e+00 2.654740e-07 1.416385e-07 1.897331e-07
79100 3.017426e+00 2.490603e-07 9.039039e-08 2.350420e-07
79200 3.021240e+00 2.257412e-07 5.999829e-08 2.649611e-07
79300 3.025055e+00 1.990123e-07 8.381991e-08 2.770622e-07
79400 3.028870e+00 1.737795e-07 1.300328e-07 2.710265e-07
79500 3.032684e+00 1.560157e-07 1.732922e-07 2.481621e-07
79600 3.036499e+00 1.506227e-07 2.060608e-07 2.112008e-07
79700 3.040314e+00 1.577277e-07 2.250923e-07 1.643124e-07
79800 3.044128e+00 1.723578e-07 2.290094e-07 1.139229e-07
79900 3.047943e+00 1.883472e-07 2.178393e-07 7.353149e-08
80000 3.051758e+00 2.010548e-07 1.928710e-07 7.188364e-08
80100 3.055573e+00 2.077252e-07 1.566200e-07 1.054901e-07
80200 3.059387e+00 2.071259e-07 1.131147e-07 1.436894e-07
80300 3.063202e+00 1.992260e-07 7.010639e-08 1.744254e-07
80400 3.067017e+00 1.850156e-07 5.118721e-08 1.935285e-07
80500 3.070831e+00 1.664466e-07 7.780309e-08 1.994773e-07
80600 3.074646e+00 1.464700e-07 1.175609e-07 1.922822e-07
80700 3.078461e+00 1.290415e-07 1.531384e-07 1.731570e-07
80800 3.082275e+00 1.185244e-07 1.792204e-07 1.443913e-07
80900 3.086090e+00 1.175950e-07 1.934407e-07 1.094563e-07
81000 3.089905e+00 1.249856e-07 1.948796e-07 7.406828e-08
81100 3.093719e+00 1.364899e-07 1.837507e-07 5.125643e-08
81200 3.097534e+00 1.478207e-07 1.612922e-07 5.969071e-08
81300 3.101349e+00 1.559734e-07 1.297421e-07 8.611611e-08
81400 3.105164e+00 1.592567e-07 9.260892e-08 1.123143e-07
81500 3.108978e+00 1.570312e-07 5.675165e-08 1.318717e-07
81600 3.112793e+00 1.495100e-07 4.312208e-08 1.424096e-07
81700 3.116608e+00 1.376554e-07 6.685904e-08 1.431753e-07
81800 3.120422e+00 1.231574e-07 9.994710e-08 1.344801e-07
81900 3.124237e+00 1.084642e-07 1.290699e-07 1.175140e-07
82000 3.128052e+00 9.669621e-08 1.501074e-07 9.430589e-08
82100 3.131866e+00 9.089836e-08 1.612377e-07 6.800728e-08
82200 3.135681e+00 9.225250e-08 1.618042e-07 4.467135e-08
82300 3.139496e+00 9.899245e-08 1.520692e-07 3.812337e-08
82400 3.143311e+00 1.078144e-07 1.331206e-07 5.319077e-08
82500 3.147125e+00 1.157645e-07 1.068459e-07 7.376079e-08
82600 3.150940e+00 1.208842e-07 7.614596e-08 9.126512e-08
82700 3.154755e+00 1.221377e-07 4.660423e-08 1.027316e-07
82800 3.158569e+00 1.192303e-07 3.516129e-08 1.070091e-07
82900 3.162384e+00 1.124860e-07 5.425909e-08 1.039069e-07
83000 3.166199e+00 1.027892e-07 8.102945e-08 9.396506e-08
83100 3.170013e+00 9.158339e-08 1.045369e-07 7.837607e-08
83200 3.173828e+00 8.088527e-08 1.214506e-07 5.905359e-08
83300 3.177643e+00 7.311968e-08 1.303324e-07 3.931328e-08
83400 3.181458e+00 7.031301e-08 1.306925e-07 2.729417e-08
83500 3.185272e+00 7.271477e-08 1.227803e-07 3.403528e-08
83600 3.189087e+00 7.851374e-08 1.075025e-07 5.011965e-08
83700 3.192902e+00 8.519955e-08 8.639469e-08 6.550053e-08
83800 3.196716e+00 9.073585e-08 6.177506e-08 7.681884e-08
83900 3.200531e+00 9.383963e-08 3.798356e-08 8.275601e-08
83929 3.201637e+00 9.418104e-08 3.267143e-08 8.339033e-08
