TITLE = "Cavity Iterative Residual History"
variables="Iteration""Time(s)""Res1""Res2""Res3"
1 7.629395e-04 5.901836e-01 3.902910e+01 1.197955e+00
10 5.036878e-03 2.118829e+00 7.177679e+00 4.251243e+00
20 8.438573e-03 1.714061e+00 5.009468e+00 4.757843e+00
30 1.156055e-02 1.646205e+00 4.365131e+00 4.558172e+00
40 1.458032e-02 1.432155e+00 4.092840e+00 4.280217e+00
50 1.756262e-02 1.234523e+00 3.628052e+00 3.959877e+00
60 2.054423e-02 1.699504e+00 3.357599e+00 3.690990e+00
70 2.352583e-02 1.245356e+00 3.473848e+00 3.209582e+00
80 2.650744e-02 1.387581e+00 3.526009e+00 2.486904e+00
90 2.948142e-02 1.580393e+00 3.196828e+00 2.202367e+00
100 3.244186e-02 1.679947e+00 2.863180e+00 3.059647e+00
110 3.540107e-02 1.463513e+00 2.744022e+00 3.061690e+00
120 3.835351e-02 1.267943e+00 2.683699e+00 2.597697e+00
130 4.129969e-02 1.091132e+00 2.696803e+00 2.368685e+00
140 4.423505e-02 9.351428e-01 2.897014e+00 2.260728e+00
150 4.715075e-02 1.178057e+00 2.942895e+00 2.176099e+00
160 5.004732e-02 9.367480e-01 2.620469e+00 2.009062e+00
170 5.293788e-02 1.206222e+00 2.079349e+00 1.895620e+00
180 5.582841e-02 8.934507e-01 1.640241e+00 2.154828e+00
190 5.871893e-02 7.160180e-01 1.847094e+00 2.197190e+00
200 6.160945e-02 7.630732e-01 2.053731e+00 2.042037e+00
210 6.449998e-02 1.217381e+00 2.142515e+00 1.828120e+00
220 6.739002e-02 1.305360e+00 2.497037e+00 1.424490e+00
230 7.027681e-02 8.080431e-01 2.484197e+00 1.012541e+00
240 7.315631e-02 5.424265e-01 2.150264e+00 1.319814e+00
250 7.603479e-02 6.433368e-01 1.648931e+00 1.453033e+00
260 7.891327e-02 7.181150e-01 1.309662e+00 1.284681e+00
270 8.179175e-02 5.300233e-01 1.371941e+00 1.694362e+00
280 8.467024e-02 5.715217e-01 1.255441e+00 1.991225e+00
290 8.754872e-02 9.020518e-01 1.249580e+00 1.884007e+00
300 9.042720e-02 9.032299e-01 1.170895e+00 1.650576e+00
310 9.330568e-02 6.338509e-01 1.163620e+00 1.366435e+00
320 9.618416e-02 6.021472e-01 1.416177e+00 1.080236e+00
330 9.906264e-02 7.665740e-01 1.455312e+00 9.223360e-01
340 1.019411e-01 3.600140e-01 1.262552e+00 1.037414e+00
350 1.048196e-01 5.416299e-01 1.012424e+00 1.120547e+00
360 1.076981e-01 5.146710e-01 7.451666e-01 1.004568e+00
370 1.105766e-01 4.323750e-01 9.412312e-01 6.397752e-01
380 1.134550e-01 4.009480e-01 1.079065e+00 6.673334e-01
390 1.163335e-01 3.763652e-01 8.613358e-01 9.730741e-01
400 1.192120e-01 2.426070e-01 7.716016e-01 1.035217e+00
410 1.220905e-01 2.795782e-01 8.686674e-01 9.462381e-01
420 1.249690e-01 4.253881e-01 8.191096e-01 8.282196e-01
430 1.278474e-01 4.715253e-01 6.122761e-01 8.338311e-01
440 1.307259e-01 4.137259e-01 6.364513e-01 8.189763e-01
450 1.336044e-01 2.630213e-01 8.613629e-01 7.193023e-01
460 1.364829e-01 1.880350e-01 8.591085e-01 7.312108e-01
470 1.393614e-01 2.103473e-01 6.118359e-01 8.355022e-01
480 1.422399e-01 2.417842e-01 4.521143e-01 8.342146e-01
490 1.451183e-01 3.075718e-01 5.124880e-01 6.842028e-01
500 1.479968e-01 2.915888e-01 5.892367e-01 5.091514e-01
510 1.508753e-01 2.462108e-01 6.301359e-01 3.832078e-01
520 1.537538e-01 2.433635e-01 5.780851e-01 4.121321e-01
530 1.566323e-01 2.497716e-01 4.826979e-01 5.642366e-01
540 1.595107e-01 1.896003e-01 4.396185e-01 6.901650e-01
550 1.623892e-01 1.370921e-01 4.507083e-01 6.935067e-01
560 1.652677e-01 1.687553e-01 4.932318e-01 5.656079e-01
570 1.681462e-01 1.866639e-01 5.397890e-01 3.761781e-01
580 1.710247e-01 1.993366e-01 5.365848e-01 2.290610e-01
590 1.739031e-01 1.994321e-01 4.759119e-01 2.855907e-01
600 1.767816e-01 1.703181e-01 3.912912e-01 4.500961e-01
610 1.796601e-01 1.388093e-01 3.366601e-01 5.493263e-01
620 1.825386e-01 1.530861e-01 3.669420e-01 5.371883e-01
630 1.854171e-01 1.684839e-01 3.887423e-01 4.503751e-01
640 1.882955e-01 1.582480e-01 3.601487e-01 3.482823e-01
650 1.911740e-01 1.589989e-01 3.344712e-01 2.561640e-01
660 1.940525e-01 1.588597e-01 3.319236e-01 2.080819e-01
670 1.969310e-01 1.496939e-01 3.327502e-01 2.459552e-01
680 1.998095e-01 1.378312e-01 3.301544e-01 2.993580e-01
690 2.026880e-01 1.230428e-01 3.266471e-01 3.138744e-01
700 2.055664e-01 1.098606e-01 3.219314e-01 2.862532e-01
710 2.084449e-01 1.113623e-01 3.020095e-01 2.405619e-01
720 2.113234e-01 1.212225e-01 2.579607e-01 2.103357e-01
730 2.142019e-01 1.191888e-01 2.117151e-01 1.948243e-01
740 2.170804e-01 1.083597e-01 1.950770e-01 1.886347e-01
750 2.199588e-01 1.013414e-01 2.062540e-01 2.178090e-01
760 2.228373e-01 9.535082e-02 2.220800e-01 2.684067e-01
770 2.257158e-01 8.566776e-02 2.211130e-01 2.906359e-01
780 2.285943e-01 8.370758e-02 1.965869e-01 2.602657e-01
790 2.314728e-01 9.083320e-02 1.658630e-01 1.957874e-01
800 2.343512e-01 9.059037e-02 1.561346e-01 1.496211e-01
810 2.372297e-01 7.881414e-02 1.703620e-01 1.616821e-01
820 2.401082e-01 6.716647e-02 1.864598e-01 1.959841e-01
830 2.429867e-01 6.725475e-02 1.986733e-01 2.121538e-01
840 2.458652e-01 7.322386e-02 2.128311e-01 2.045198e-01
850 2.487436e-01 7.554727e-02 2.177452e-01 1.924782e-01
860 2.516221e-01 7.231349e-02 1.990246e-01 1.938428e-01
870 2.545006e-01 6.562202e-02 1.602698e-01 1.988957e-01
880 2.573791e-01 5.998072e-02 1.231927e-01 1.901777e-01
890 2.602576e-01 5.847754e-02 1.217796e-01 1.688720e-01
900 2.631360e-01 5.847054e-02 1.522565e-01 1.550296e-01
910 2.660145e-01 5.677297e-02 1.769185e-01 1.628658e-01
920 2.688930e-01 5.424639e-02 1.780682e-01 1.796944e-01
930 2.717715e-01 5.284089e-02 1.571174e-01 1.877655e-01
940 2.746500e-01 5.234559e-02 1.252484e-01 1.801830e-01
950 2.775285e-01 5.161303e-02 1.008892e-01 1.584359e-01
960 2.804069e-01 4.987326e-02 1.057983e-01 1.298671e-01
970 2.832854e-01 4.646944e-02 1.349143e-01 1.084707e-01
980 2.861639e-01 4.251048e-02 1.628035e-01 1.100303e-01
990 2.890424e-01 4.159084e-02 1.726723e-01 1.312123e-01
1000 2.919209e-01 4.461293e-02 1.597993e-01 1.531456e-01
1010 2.947993e-01 4.795287e-02 1.318679e-01 1.610261e-01
1020 2.976778e-01 4.881812e-02 1.081048e-01 1.482118e-01
1030 3.005563e-01 4.688882e-02 1.066575e-01 1.175865e-01
1040 3.034348e-01 4.308918e-02 1.212224e-01 8.481901e-02
1050 3.063133e-01 3.933679e-02 1.347761e-01 8.012488e-02
1060 3.091917e-01 3.775832e-02 1.389408e-01 1.061652e-01
1070 3.120702e-01 3.815840e-02 1.321760e-01 1.326695e-01
1080 3.149487e-01 3.910508e-02 1.168746e-01 1.434573e-01
1090 3.178272e-01 4.052716e-02 9.881461e-02 1.341388e-01
1100 3.207057e-01 4.200704e-02 8.715358e-02 1.075142e-01
1110 3.235841e-01 4.169024e-02 8.992791e-02 7.392152e-02
1120 3.264626e-01 3.846276e-02 1.038084e-01 5.720392e-02
1130 3.293411e-01 3.372185e-02 1.176594e-01 7.480043e-02
1140 3.322196e-01 3.106360e-02 1.232082e-01 1.003310e-01
1150 3.350981e-01 3.285271e-02 1.180791e-01 1.150752e-01
1160 3.379766e-01 3.694390e-02 1.052425e-01 1.138632e-01
1170 3.408550e-01 3.984766e-02 9.126982e-02 9.826855e-02
1180 3.437335e-01 3.988223e-02 8.347626e-02 7.554994e-02
1190 3.466120e-01 3.730829e-02 8.511494e-02 5.985417e-02
1200 3.494905e-01 3.359397e-02 9.260695e-02 6.500104e-02
1210 3.523690e-01 3.058197e-02 9.965414e-02 8.215957e-02
1220 3.552474e-01 2.966514e-02 1.014423e-01 9.636070e-02
1230 3.581259e-01 3.090837e-02 9.580037e-02 1.011005e-01
1240 3.610044e-01 3.295558e-02 8.367322e-02 9.528594e-02
1250 3.638829e-01 3.414792e-02 6.987605e-02 8.122936e-02
1260 3.667614e-01 3.346276e-02 6.301934e-02 6.471866e-02
1270 3.696398e-01 3.078961e-02 6.842722e-02 5.590306e-02
1280 3.725183e-01 2.703997e-02 7.998096e-02 6.183651e-02
1290 3.753968e-01 2.418793e-02 8.865534e-02 7.474970e-02
1300 3.782753e-01 2.419567e-02 8.951576e-02 8.412061e-02
1310 3.811538e-01 2.663277e-02 8.184335e-02 8.509147e-02
1320 3.840322e-01 2.913292e-02 6.870021e-02 7.758089e-02
1330 3.869107e-01 2.988883e-02 5.688113e-02 6.530734e-02
1340 3.897892e-01 2.847360e-02 5.447051e-02 5.518061e-02
1350 3.926677e-01 2.565481e-02 6.173496e-02 5.404874e-02
1360 3.955462e-01 2.293933e-02 7.090472e-02 6.105490e-02
1370 3.984246e-01 2.173639e-02 7.574861e-02 6.952619e-02
1380 4.013031e-01 2.225703e-02 7.359422e-02 7.459949e-02
1390 4.041816e-01 2.350917e-02 6.460838e-02 7.414181e-02
1400 4.070601e-01 2.439585e-02 5.204078e-02 6.782534e-02
1410 4.099386e-01 2.428055e-02 4.323618e-02 5.728269e-02
1420 4.128171e-01 2.297540e-02 4.576372e-02 4.730062e-02
1430 4.156955e-01 2.075264e-02 5.574380e-02 4.533369e-02
1440 4.185740e-01 1.848297e-02 6.426651e-02 5.263860e-02
1450 4.214525e-01 1.747362e-02 6.657408e-02 6.160292e-02
1460 4.243310e-01 1.832974e-02 6.170442e-02 6.586673e-02
1470 4.272095e-01 2.007915e-02 5.159778e-02 6.319419e-02
1480 4.300879e-01 2.127596e-02 4.120396e-02 5.462532e-02
1490 4.329664e-01 2.113119e-02 3.787616e-02 4.404288e-02
1500 4.358449e-01 1.969655e-02 4.360863e-02 3.803483e-02
1510 4.387234e-01 1.768161e-02 5.167605e-02 4.128478e-02
1520 4.416019e-01 1.613244e-02 5.631623e-02 4.957698e-02
1530 4.444803e-01 1.583447e-02 5.531972e-02 5.635963e-02
1540 4.473588e-01 1.665872e-02 4.903106e-02 5.802923e-02
1550 4.502373e-01 1.774851e-02 4.005421e-02 5.354423e-02
1560 4.531158e-01 1.825746e-02 3.350851e-02 4.412987e-02
1570 4.559943e-01 1.773558e-02 3.449068e-02 3.395847e-02
1580 4.588727e-01 1.623956e-02 4.095775e-02 3.069531e-02
1590 4.617512e-01 1.438922e-02 4.702664e-02 3.704325e-02
1600 4.646297e-01 1.324493e-02 4.922276e-02 4.548329e-02
1610 4.675082e-01 1.354214e-02 4.663243e-02 5.004264e-02
1620 4.703867e-01 1.479956e-02 4.027925e-02 4.868453e-02
1630 4.732652e-01 1.590706e-02 3.306841e-02 4.199304e-02
1640 4.761436e-01 1.611407e-02 2.952638e-02 3.283155e-02
1650 4.790221e-01 1.528017e-02 3.206390e-02 2.677519e-02
1660 4.819006e-01 1.380096e-02 3.736903e-02 2.899064e-02
1670 4.847791e-01 1.244929e-02 4.121604e-02 3.601110e-02
1680 4.876576e-01 1.198859e-02 4.152883e-02 4.180690e-02
1690 4.905360e-01 1.252527e-02 3.808730e-02 4.345833e-02
1700 4.934145e-01 1.341884e-02 3.220250e-02 4.032987e-02
1710 4.962930e-01 1.392897e-02 2.679780e-02 3.348572e-02
1720 4.991715e-01 1.364835e-02 2.564733e-02 2.593163e-02
1730 5.020500e-01 1.259255e-02 2.922163e-02 2.293265e-02
1740 5.049284e-01 1.120206e-02 3.387844e-02 2.688841e-02
1750 5.078069e-01 1.023703e-02 3.646456e-02 3.296932e-02
1760 5.106854e-01 1.027846e-02 3.566840e-02 3.675786e-02
1770 5.135639e-01 1.108326e-02 3.170411e-02 3.655263e-02
1780 5.164424e-01 1.188228e-02 2.620711e-02 3.249257e-02
1790 5.193208e-01 1.209588e-02 2.228517e-02 2.625485e-02
1800 5.221993e-01 1.156709e-02 2.283911e-02 2.126487e-02
1810 5.250778e-01 1.052564e-02 2.663697e-02 2.144841e-02
1820 5.279563e-01 9.488450e-03 3.020470e-02 2.587366e-02
1830 5.308348e-01 9.023427e-03 3.138563e-02 3.033800e-02
1840 5.337133e-01 9.300968e-03 2.956817e-02 3.228578e-02
1850 5.365917e-01 9.925014e-03 2.537791e-02 3.091911e-02
1860 5.394702e-01 1.034702e-02 2.071797e-02 2.669324e-02
1870 5.423487e-01 1.023048e-02 1.867110e-02 2.131290e-02
1880 5.452272e-01 9.542681e-03 2.077670e-02 1.798714e-02
1890 5.481057e-01 8.552241e-03 2.458058e-02 1.941207e-02
1900 5.509841e-01 7.764996e-03 2.720437e-02 2.355165e-02
1910 5.538626e-01 7.637103e-03 2.727661e-02 2.692611e-02
1920 5.567411e-01 8.117713e-03 2.470423e-02 2.774482e-02
1930 5.596196e-01 8.710788e-03 2.050646e-02 2.565071e-02
1940 5.624981e-01 8.963141e-03 1.690202e-02 2.142293e-02
1950 5.653765e-01 8.694067e-03 1.655622e-02 1.707697e-02
1960 5.682550e-01 7.999227e-03 1.928979e-02 1.570833e-02
1970 5.711335e-01 7.200529e-03 2.234421e-02 1.825413e-02
1980 5.740120e-01 6.724451e-03 2.374852e-02 2.188464e-02
1990 5.768905e-01 6.806787e-03 2.282494e-02 2.410067e-02
2000 5.797689e-01 7.253512e-03 1.988893e-02 2.386806e-02
2010 5.826474e-01 7.652105e-03 1.621585e-02 2.121231e-02
2020 5.855259e-01 7.694549e-03 1.407946e-02 1.711000e-02
2030 5.884044e-01 7.292421e-03 1.515594e-02 1.372652e-02
2040 5.912829e-01 6.586447e-03 1.800099e-02 1.377362e-02
2050 5.941613e-01 5.918858e-03 2.027272e-02 1.675663e-02
2060 5.970398e-01 5.679641e-03 2.073527e-02 1.976661e-02
2070 5.999183e-01 5.957392e-03 1.916818e-02 2.101170e-02
2080 6.027968e-01 6.433550e-03 1.618284e-02 1.994949e-02
2090 6.056753e-01 6.724765e-03 1.325264e-02 1.695434e-02
2100 6.085538e-01 6.629847e-03 1.240866e-02 1.333167e-02
2110 6.114322e-01 6.165070e-03 1.409439e-02 1.145955e-02
2120 6.143107e-01 5.537931e-03 1.644923e-02 1.290671e-02
2130 6.171892e-01 5.079920e-03 1.781523e-02 1.580698e-02
2140 6.200677e-01 5.046765e-03 1.751005e-02 1.790075e-02
2150 6.229462e-01 5.367256e-03 1.561764e-02 1.816813e-02
2160 6.258246e-01 5.726149e-03 1.291305e-02 1.648668e-02
2170 6.287031e-01 5.847279e-03 1.091253e-02 1.346256e-02
2180 6.315816e-01 5.620588e-03 1.113209e-02 1.056756e-02
2190 6.344601e-01 5.115916e-03 1.305530e-02 9.994731e-03
2200 6.373386e-01 4.567854e-03 1.492833e-02 1.201553e-02
2210 6.402170e-01 4.290118e-03 1.562982e-02 1.444889e-02
2220 6.430955e-01 4.426700e-03 1.482508e-02 1.572004e-02
2230 6.459740e-01 4.786029e-03 1.280657e-02 1.527743e-02
2240 6.488525e-01 5.060081e-03 1.048666e-02 1.328118e-02
2250 6.517310e-01 5.057668e-03 9.335401e-03 1.055503e-02
2260 6.546094e-01 4.755292e-03 1.017779e-02 8.721040e-03
2270 6.574879e-01 4.281719e-03 1.194315e-02 9.307734e-03
2280 6.603664e-01 3.878524e-03 1.323436e-02 1.139523e-02
2290 6.632449e-01 3.774932e-03 1.335306e-02 1.317091e-02
2300 6.661234e-01 3.977904e-03 1.221346e-02 1.369721e-02
2310 6.690019e-01 4.266728e-03 1.025047e-02 1.276022e-02
2320 6.718803e-01 4.411127e-03 8.459815e-03 1.069174e-02
2330 6.747588e-01 4.298925e-03 8.130722e-03 8.417312e-03
2340 6.776373e-01 3.954521e-03 9.366528e-03 7.492935e-03
2350 6.805158e-01 3.529202e-03 1.090000e-02 8.635777e-03
2360 6.833943e-01 3.254952e-03 1.170812e-02 1.047944e-02
2370 6.862727e-01 3.286372e-03 1.139394e-02 1.167864e-02
2380 6.891512e-01 3.533394e-03 1.005659e-02 1.166891e-02
2390 6.920297e-01 3.767576e-03 8.257851e-03 1.044572e-02
2400 6.949082e-01 3.819362e-03 7.042853e-03 8.483720e-03
2410 6.977867e-01 3.641371e-03 7.331405e-03 6.822407e-03
2420 7.006651e-01 3.303036e-03 8.624337e-03 6.767072e-03
2430 7.035436e-01 2.968388e-03 9.776366e-03 8.156960e-03
2440 7.064221e-01 2.825211e-03 1.011600e-02 9.625565e-03
2450 7.093006e-01 2.930775e-03 9.473416e-03 1.029300e-02
2460 7.121791e-01 3.149312e-03 8.082256e-03 9.871718e-03
2470 7.150575e-01 3.296716e-03 6.593203e-03 8.501043e-03
2480 7.179360e-01 3.264083e-03 6.007230e-03 6.743603e-03
2490 7.208145e-01 3.044367e-03 6.733314e-03 5.673258e-03
2500 7.236930e-01 2.727645e-03 7.934185e-03 6.180017e-03
2510 7.265715e-01 2.477875e-03 8.721954e-03 7.548832e-03
2520 7.294499e-01 2.440399e-03 8.694005e-03 8.637362e-03
2530 7.323284e-01 2.597579e-03 7.844049e-03 8.879881e-03
2540 7.352069e-01 2.790087e-03 6.511706e-03 8.172298e-03
2550 7.380854e-01 2.871473e-03 5.408221e-03 6.774352e-03
2560 7.409639e-01 2.781366e-03 5.348561e-03 5.352507e-03
2570 7.438424e-01 2.549321e-03 6.229465e-03 4.939453e-03
2580 7.467208e-01 2.282462e-03 7.185773e-03 5.811787e-03
2590 7.495993e-01 2.127194e-03 7.610545e-03 6.998265e-03
2600 7.524778e-01 2.164249e-03 7.298123e-03 7.692889e-03
2610 7.553563e-01 2.322518e-03 6.356018e-03 7.580236e-03
2620 7.582348e-01 2.459413e-03 5.195279e-03 6.690880e-03
2630 7.611132e-01 2.473994e-03 4.531289e-03 5.367495e-03
2640 7.639917e-01 2.341416e-03 4.870192e-03 4.337771e-03
2650 7.668702e-01 2.111961e-03 5.753771e-03 4.439727e-03
2660 7.697487e-01 1.898845e-03 6.455664e-03 5.416797e-03
2670 7.726272e-01 1.825810e-03 6.591150e-03 6.348442e-03
2680 7.755056e-01 1.916390e-03 6.090833e-03 6.702481e-03
2690 7.783841e-01 2.066758e-03 5.145362e-03 6.330257e-03
2700 7.812626e-01 2.155697e-03 4.217964e-03 5.364432e-03
2710 7.841411e-01 2.120182e-03 3.952091e-03 4.228055e-03
2720 7.870196e-01 1.966137e-03 4.492149e-03 3.671141e-03
2730 7.898980e-01 1.761309e-03 5.247644e-03 4.149919e-03
2740 7.927765e-01 1.614342e-03 5.687512e-03 5.060583e-03
2750 7.956550e-01 1.607870e-03 5.590768e-03 5.704948e-03
2760 7.985335e-01 1.715103e-03 4.982745e-03 5.770472e-03
2770 8.014120e-01 1.831400e-03 4.112046e-03 5.226069e-03
2780 8.042905e-01 1.868622e-03 3.467026e-03 4.272611e-03
2790 8.071689e-01 1.794161e-03 3.536728e-03 3.384125e-03
2800 8.100474e-01 1.633016e-03 4.152377e-03 3.235799e-03
2810 8.129259e-01 1.460814e-03 4.749085e-03 3.877092e-03
2820 8.158044e-01 1.374886e-03 4.968965e-03 4.632251e-03
2830 8.186829e-01 1.417417e-03 4.706359e-03 5.019654e-03
2840 8.215613e-01 1.528015e-03 4.055801e-03 4.870116e-03
2850 8.244398e-01 1.611512e-03 3.311714e-03 4.234783e-03
2860 8.273183e-01 1.608407e-03 2.951315e-03 3.372615e-03
2870 8.301968e-01 1.510953e-03 3.237026e-03 2.793567e-03
2880 8.330753e-01 1.359495e-03 3.812359e-03 2.977832e-03
2890 8.359537e-01 1.230977e-03 4.226678e-03 3.638022e-03
2900 8.388322e-01 1.198929e-03 4.259059e-03 4.200579e-03
2910 8.417107e-01 1.265104e-03 3.885988e-03 4.365339e-03
2920 8.445892e-01 1.358042e-03 3.251883e-03 4.063188e-03
2930 8.474677e-01 1.404143e-03 2.681790e-03 3.401251e-03
2940 8.503461e-01 1.368400e-03 2.588689e-03 2.678790e-03
2950 8.532246e-01 1.259508e-03 2.990897e-03 2.395178e-03
2960 8.561031e-01 1.125863e-03 3.477209e-03 2.768934e-03
2970 8.589816e-01 1.040133e-03 3.726033e-03 3.357652e-03
2980 8.618601e-01 1.049864e-03 3.616127e-03 3.735766e-03
2990 8.647385e-01 1.126735e-03 3.183373e-03 3.726018e-03
3000 8.676170e-01 1.199570e-03 2.611039e-03 3.328286e-03
3010 8.704955e-01 1.215026e-03 2.235829e-03 2.695106e-03
3020 8.733740e-01 1.157739e-03 2.343267e-03 2.161846e-03
3030 8.762525e-01 1.049446e-03 2.760824e-03 2.150708e-03
3040 8.791310e-01 9.426432e-04 3.124551e-03 2.602824e-03
3050 8.820094e-01 8.979060e-04 3.225514e-03 3.073810e-03
3060 8.848879e-01 9.333045e-04 3.013683e-03 3.282686e-03
3070 8.877664e-01 1.004273e-03 2.567302e-03 3.140009e-03
3080 8.906449e-01 1.051437e-03 2.097175e-03 2.694232e-03
3090 8.935234e-01 1.040440e-03 1.920549e-03 2.131199e-03
3100 8.964018e-01 9.699374e-04 2.156206e-03 1.801127e-03
3110 8.992803e-01 8.694746e-04 2.534507e-03 1.979307e-03
3120 9.021588e-01 7.913509e-04 2.777938e-03 2.420523e-03
3130 9.050373e-01 7.806655e-04 2.762228e-03 2.762820e-03
3140 9.079158e-01 8.306410e-04 2.487745e-03 2.831618e-03
3150 9.107942e-01 8.908026e-04 2.064389e-03 2.597630e-03
3160 9.136727e-01 9.152240e-04 1.719890e-03 2.146631e-03
3170 9.165512e-01 8.850972e-04 1.709890e-03 1.694644e-03
3180 9.194297e-01 8.101360e-04 1.993768e-03 1.572583e-03
3190 9.223082e-01 7.249636e-04 2.296494e-03 1.858152e-03
3200 9.251866e-01 6.766783e-04 2.427778e-03 2.235883e-03
3210 9.280651e-01 6.903465e-04 2.324104e-03 2.451985e-03
3220 9.309436e-01 7.418338e-04 2.021412e-03 2.409306e-03
3230 9.338221e-01 7.851596e-04 1.652473e-03 2.120798e-03
3240 9.367006e-01 7.886726e-04 1.445763e-03 1.699313e-03
3250 9.395791e-01 7.453835e-04 1.557683e-03 1.380156e-03
3260 9.424575e-01 6.721793e-04 1.838463e-03 1.423969e-03
3270 9.453360e-01 6.054187e-04 2.058559e-03 1.737250e-03
3280 9.482145e-01 5.836369e-04 2.097508e-03 2.029760e-03
3290 9.510930e-01 6.129211e-04 1.934597e-03 2.136809e-03
3300 9.539715e-01 6.600256e-04 1.631832e-03 2.013550e-03
3310 9.568499e-01 6.870407e-04 1.338512e-03 1.703635e-03
3320 9.597284e-01 6.744629e-04 1.259924e-03 1.343041e-03
3330 9.626069e-01 6.245218e-04 1.436826e-03 1.170903e-03
3340 9.654854e-01 5.591094e-04 1.678218e-03 1.327275e-03
3350 9.683639e-01 5.130786e-04 1.816196e-03 1.616813e-03
3360 9.712423e-01 5.123444e-04 1.781887e-03 1.819132e-03
3370 9.741208e-01 5.473492e-04 1.584866e-03 1.836374e-03
3380 9.769993e-01 5.843095e-04 1.306202e-03 1.660022e-03
3390 9.798778e-01 5.954543e-04 1.103419e-03 1.355692e-03
3400 9.827563e-01 5.709792e-04 1.130460e-03 1.076356e-03
3410 9.856347e-01 5.194031e-04 1.328301e-03 1.035687e-03
3420 9.885132e-01 4.650954e-04 1.516658e-03 1.242525e-03
3430 9.913917e-01 4.387106e-04 1.583305e-03 1.481524e-03
3440 9.942702e-01 4.528079e-04 1.496104e-03 1.601863e-03
3450 9.971487e-01 4.878037e-04 1.286572e-03 1.551060e-03
3460 1.000027e+00 5.137215e-04 1.050205e-03 1.346247e-03
3470 1.002906e+00 5.119732e-04 9.401040e-04 1.070854e-03
3480 1.005784e+00 4.803123e-04 1.035957e-03 8.886777e-04
3490 1.008663e+00 4.317902e-04 1.220352e-03 9.511882e-04
3500 1.011541e+00 3.911487e-04 1.350623e-03 1.162833e-03
3510 1.014420e+00 3.817643e-04 1.357967e-03 1.340874e-03
3520 1.017298e+00 4.036016e-04 1.236265e-03 1.390793e-03
3530 1.020177e+00 4.334129e-04 1.032978e-03 1.291634e-03
3540 1.023055e+00 4.477893e-04 8.531733e-04 1.078837e-03
3550 1.025933e+00 4.358905e-04 8.275755e-04 8.496333e-04
3560 1.028812e+00 4.008597e-04 9.575829e-04 7.641688e-04
3570 1.031690e+00 3.584077e-04 1.111352e-03 8.871642e-04
3580 1.034569e+00 3.316773e-04 1.188023e-03 1.074757e-03
3590 1.037447e+00 3.353379e-04 1.150281e-03 1.193054e-03
3600 1.040326e+00 3.599230e-04 1.010598e-03 1.187054e-03
3610 1.043204e+00 3.828024e-04 8.284345e-04 1.057738e-03
3620 1.046083e+00 3.872095e-04 7.118810e-04 8.547426e-04
3630 1.048961e+00 3.684433e-04 7.497089e-04 6.863741e-04
3640 1.051840e+00 3.336165e-04 8.837511e-04 6.867374e-04
3650 1.054718e+00 2.996687e-04 9.985024e-04 8.327417e-04
3660 1.057597e+00 2.859581e-04 1.028623e-03 9.820515e-04
3670 1.060475e+00 2.978537e-04 9.591171e-04 1.046406e-03
3680 1.063354e+00 3.207055e-04 8.158039e-04 9.984034e-04
3690 1.066232e+00 3.355427e-04 6.668112e-04 8.545698e-04
3700 1.069111e+00 3.316269e-04 6.131952e-04 6.754930e-04
3710 1.071989e+00 3.088116e-04 6.900332e-04 5.739011e-04
3720 1.074868e+00 2.767658e-04 8.101431e-04 6.343430e-04
3730 1.077746e+00 2.522388e-04 8.860861e-04 7.753003e-04
3740 1.080625e+00 2.493187e-04 8.791955e-04 8.827092e-04
3750 1.083503e+00 2.654224e-04 7.902801e-04 9.023536e-04
3760 1.086382e+00 2.843988e-04 6.550472e-04 8.257911e-04
3770 1.089260e+00 2.917872e-04 5.467906e-04 6.811076e-04
3780 1.092139e+00 2.817746e-04 5.462331e-04 5.380623e-04
3790 1.095017e+00 2.576133e-04 6.379258e-04 5.020971e-04
3800 1.097895e+00 2.304885e-04 7.339351e-04 5.948214e-04
3810 1.100774e+00 2.154615e-04 7.744473e-04 7.147338e-04
3820 1.103652e+00 2.202694e-04 7.399021e-04 7.820368e-04
3830 1.106531e+00 2.368724e-04 6.423733e-04 7.666198e-04
3840 1.109409e+00 2.505538e-04 5.248891e-04 6.733203e-04
3850 1.112288e+00 2.513720e-04 4.607030e-04 5.389205e-04
3860 1.115166e+00 2.372974e-04 4.981355e-04 4.392765e-04
3870 1.118045e+00 2.138935e-04 5.878113e-04 4.560505e-04
3880 1.120923e+00 1.928361e-04 6.569937e-04 5.565519e-04
3890 1.123802e+00 1.862606e-04 6.680180e-04 6.487938e-04
3900 1.126680e+00 1.957873e-04 6.148445e-04 6.813600e-04
3910 1.129559e+00 2.107080e-04 5.177735e-04 6.406032e-04
3920 1.132437e+00 2.190535e-04 4.250220e-04 5.409374e-04
3930 1.135316e+00 2.147484e-04 4.019673e-04 4.263017e-04
3940 1.138194e+00 1.986200e-04 4.596984e-04 3.733000e-04
3950 1.141073e+00 1.777506e-04 5.365487e-04 4.247681e-04
3960 1.143951e+00 1.633012e-04 5.795935e-04 5.170710e-04
3970 1.146830e+00 1.633960e-04 5.674640e-04 5.805986e-04
3980 1.149708e+00 1.747320e-04 5.037098e-04 5.847951e-04
3990 1.152587e+00 1.864585e-04 4.147131e-04 5.274431e-04
4000 1.155465e+00 1.898107e-04 3.511719e-04 4.300033e-04
4010 1.158344e+00 1.817971e-04 3.613783e-04 3.419450e-04
4020 1.161222e+00 1.652625e-04 4.249049e-04 3.311203e-04
4030 1.164101e+00 1.480604e-04 4.843465e-04 3.980535e-04
4040 1.166979e+00 1.399127e-04 5.045419e-04 4.738076e-04
4050 1.169858e+00 1.446049e-04 4.757232e-04 5.110985e-04
4060 1.172736e+00 1.557533e-04 4.083522e-04 4.937324e-04
4070 1.175614e+00 1.638514e-04 3.333374e-04 4.275745e-04
4080 1.178493e+00 1.630773e-04 2.996540e-04 3.396796e-04
4090 1.181371e+00 1.528080e-04 3.314425e-04 2.827700e-04
4100 1.184250e+00 1.372878e-04 3.903179e-04 3.042450e-04
4110 1.187128e+00 1.244614e-04 4.311948e-04 3.720652e-04
4120 1.190007e+00 1.217171e-04 4.326298e-04 4.282311e-04
4130 1.192885e+00 1.288494e-04 3.930557e-04 4.431617e-04
4140 1.195764e+00 1.383460e-04 3.279832e-04 4.105884e-04
4150 1.198642e+00 1.427913e-04 2.712960e-04 3.422161e-04
4160 1.201521e+00 1.388262e-04 2.643793e-04 2.695721e-04
4170 1.204399e+00 1.275523e-04 3.063937e-04 2.438933e-04
4180 1.207278e+00 1.140567e-04 3.550945e-04 2.842081e-04
4190 1.210156e+00 1.057184e-04 3.787936e-04 3.438922e-04
4200 1.213035e+00 1.070719e-04 3.659746e-04 3.808505e-04
4210 1.215913e+00 1.149517e-04 3.209185e-04 3.780214e-04
4220 1.218792e+00 1.221462e-04 2.629083e-04 3.360515e-04
4230 1.221670e+00 1.233872e-04 2.266443e-04 2.711035e-04
4240 1.224549e+00 1.172538e-04 2.397476e-04 2.181223e-04
4250 1.227427e+00 1.060832e-04 2.827258e-04 2.195259e-04
4260 1.230306e+00 9.532950e-05 3.189115e-04 2.665586e-04
4270 1.233184e+00 9.114053e-05 3.278582e-04 3.138080e-04
4280 1.236063e+00 9.508642e-05 3.050774e-04 3.336053e-04
4290 1.238941e+00 1.023915e-04 2.590710e-04 3.175501e-04
4300 1.241820e+00 1.070279e-04 2.118582e-04 2.712049e-04
4310 1.244698e+00 1.056438e-04 1.956602e-04 2.142426e-04
4320 1.247577e+00 9.826862e-05 2.207738e-04 1.828833e-04
4330 1.250455e+00 8.804995e-05 2.589746e-04 2.031619e-04
4340 1.253333e+00 8.034874e-05 2.826905e-04 2.481750e-04
4350 1.256212e+00 7.957412e-05 2.798952e-04 2.819212e-04
4360 1.259090e+00 8.477328e-05 2.510811e-04 2.875085e-04
4370 1.261969e+00 9.077074e-05 2.078703e-04 2.625051e-04
4380 1.264847e+00 9.300892e-05 1.738696e-04 2.161034e-04
4390 1.267726e+00 8.969619e-05 1.745366e-04 1.708442e-04
4400 1.270604e+00 8.192444e-05 2.041185e-04 1.603302e-04
4410 1.273483e+00 7.330466e-05 2.345211e-04 1.904333e-04
4420 1.276361e+00 6.863858e-05 2.469683e-04 2.285090e-04
4430 1.279240e+00 7.030075e-05 2.354582e-04 2.494710e-04
4440 1.282118e+00 7.563134e-05 2.040440e-04 2.439874e-04
4450 1.284997e+00 7.993689e-05 1.666698e-04 2.138129e-04
4460 1.287875e+00 8.009780e-05 1.468121e-04 1.709155e-04
4470 1.290754e+00 7.552356e-05 1.593410e-04 1.397489e-04
4480 1.293632e+00 6.803838e-05 1.879890e-04 1.459479e-04
4490 1.296511e+00 6.139245e-05 2.097264e-04 1.782086e-04
4500 1.299389e+00 5.941586e-05 2.127904e-04 2.073255e-04
4510 1.302268e+00 6.252617e-05 1.954423e-04 2.172218e-04
4520 1.305146e+00 6.726577e-05 1.643318e-04 2.037532e-04
4530 1.308025e+00 6.984844e-05 1.350277e-04 1.716911e-04
4540 1.310903e+00 6.838362e-05 1.283154e-04 1.352612e-04
4550 1.313782e+00 6.317780e-05 1.471040e-04 1.190169e-04
4560 1.316660e+00 5.652579e-05 1.715263e-04 1.359776e-04
4570 1.319539e+00 5.199846e-05 1.849216e-04 1.654006e-04
4580 1.322417e+00 5.213270e-05 1.806686e-04 1.853257e-04
4590 1.325295e+00 5.579360e-05 1.600548e-04 1.862332e-04
4600 1.328174e+00 5.950407e-05 1.316557e-04 1.675805e-04
4610 1.331052e+00 6.050198e-05 1.117750e-04 1.363809e-04
4620 1.333931e+00 5.787544e-05 1.155403e-04 1.086235e-04
4630 1.336809e+00 5.257050e-05 1.359360e-04 1.058437e-04
4640 1.339688e+00 4.711874e-05 1.546964e-04 1.274859e-04
4650 1.342566e+00 4.460728e-05 1.608061e-04 1.514906e-04
4660 1.345445e+00 4.617394e-05 1.512996e-04 1.630327e-04
4670 1.348323e+00 4.973309e-05 1.296439e-04 1.571216e-04
4680 1.351202e+00 5.226556e-05 1.058393e-04 1.357628e-04
4690 1.354080e+00 5.194936e-05 9.554321e-05 1.077373e-04
4700 1.356959e+00 4.861924e-05 1.060452e-04 9.001043e-05
4710 1.359837e+00 4.365818e-05 1.248247e-04 9.736118e-05
4720 1.362716e+00 3.961584e-05 1.376394e-04 1.190731e-04
4730 1.365594e+00 3.882081e-05 1.378068e-04 1.367707e-04
4740 1.368473e+00 4.114326e-05 1.249467e-04 1.412104e-04
4750 1.371351e+00 4.416124e-05 1.041223e-04 1.305247e-04
4760 1.374230e+00 4.552948e-05 8.625859e-05 1.085690e-04
4770 1.377108e+00 4.420824e-05 8.445535e-05 8.555210e-05
4780 1.379987e+00 4.057878e-05 9.803698e-05 7.785008e-05
4790 1.382865e+00 3.628717e-05 1.134689e-04 9.102873e-05
4800 1.385744e+00 3.368711e-05 1.207934e-04 1.100088e-04
4810 1.388622e+00 3.418044e-05 1.164576e-04 1.215524e-04
4820 1.391501e+00 3.670962e-05 1.019248e-04 1.203643e-04
4830 1.394379e+00 3.897437e-05 8.344931e-05 1.067552e-04
4840 1.397258e+00 3.931922e-05 7.217082e-05 8.598787e-05
4850 1.400136e+00 3.731709e-05 7.667256e-05 6.933620e-05
4860 1.403014e+00 3.373657e-05 9.044299e-05 7.019841e-05
4870 1.405893e+00 3.033294e-05 1.018460e-04 8.533792e-05
4880 1.408771e+00 2.905565e-05 1.044853e-04 1.002825e-04
4890 1.411650e+00 3.035894e-05 9.702330e-05 1.063634e-04
4900 1.414528e+00 3.269003e-05 8.225723e-05 1.010078e-04
4910 1.417407e+00 3.413600e-05 6.730321e-05 8.607918e-05
4920 1.420285e+00 3.365099e-05 6.243245e-05 6.795892e-05
4930 1.423164e+00 3.126728e-05 7.063954e-05 5.827977e-05
4940 1.426042e+00 2.800798e-05 8.279150e-05 6.505338e-05
4950 1.428921e+00 2.558943e-05 9.019564e-05 7.942534e-05
4960 1.431799e+00 2.539256e-05 8.911384e-05 9.002845e-05
4970 1.434678e+00 2.707284e-05 7.977880e-05 9.159670e-05
4980 1.437556e+00 2.897053e-05 6.597353e-05 8.343688e-05
4990 1.440435e+00 2.964836e-05 5.529997e-05 6.855807e-05
5000 1.443313e+00 2.855492e-05 5.577784e-05 5.424708e-05
5010 1.446192e+00 2.605650e-05 6.531085e-05 5.120778e-05
5020 1.449070e+00 2.331877e-05 7.493061e-05 6.097729e-05
5030 1.451949e+00 2.187127e-05 7.874578e-05 7.306384e-05
5040 1.454827e+00 2.244061e-05 7.491771e-05 7.958600e-05
5050 1.457706e+00 2.414945e-05 6.480333e-05 7.765477e-05
5060 1.460584e+00 2.550260e-05 5.291973e-05 6.789728e-05
5070 1.463463e+00 2.552153e-05 4.678741e-05 5.420533e-05
5080 1.466341e+00 2.403529e-05 5.097146e-05 4.445996e-05
5090 1.469220e+00 2.164096e-05 6.012214e-05 4.670295e-05
5100 1.472098e+00 1.954315e-05 6.695084e-05 5.705481e-05
5110 1.474976e+00 1.895122e-05 6.778499e-05 6.624412e-05
5120 1.477855e+00 1.996700e-05 6.212958e-05 6.924363e-05
5130 1.480733e+00 2.147364e-05 5.216137e-05 6.479817e-05
5140 1.483612e+00 2.227292e-05 4.290598e-05 5.448662e-05
5150 1.486490e+00 2.177696e-05 4.096679e-05 4.291651e-05
5160 1.489369e+00 2.009758e-05 4.707172e-05 3.795490e-05
5170 1.492247e+00 1.797837e-05 5.482774e-05 4.353799e-05
5180 1.495126e+00 1.656104e-05 5.899173e-05 5.291268e-05
5190 1.498004e+00 1.663625e-05 5.751309e-05 5.915688e-05
5200 1.500883e+00 1.781654e-05 5.085133e-05 5.930754e-05
5210 1.503761e+00 1.898903e-05 4.179228e-05 5.324407e-05
5220 1.506640e+00 1.928388e-05 3.557746e-05 4.325630e-05
5230 1.509518e+00 1.842348e-05 3.694091e-05 3.450981e-05
5240 1.512397e+00 1.672153e-05 4.348794e-05 3.383457e-05
5250 1.515275e+00 1.499380e-05 4.940866e-05 4.082588e-05
5260 1.518154e+00 1.422068e-05 5.125256e-05 4.843015e-05
5270 1.521032e+00 1.474295e-05 4.812117e-05 5.199913e-05
5280 1.523911e+00 1.587956e-05 4.116164e-05 4.999595e-05
5290 1.526789e+00 1.667151e-05 3.360921e-05 4.310343e-05
5300 1.529668e+00 1.654883e-05 3.046738e-05 3.417170e-05
5310 1.532546e+00 1.546972e-05 3.392879e-05 2.865842e-05
5320 1.535425e+00 1.388473e-05 3.991565e-05 3.116210e-05
5330 1.538303e+00 1.261167e-05 4.393024e-05 3.810938e-05
5340 1.541182e+00 1.238344e-05 4.389085e-05 4.368291e-05
5350 1.544060e+00 1.313821e-05 3.971403e-05 4.499570e-05
5360 1.546939e+00 1.409619e-05 3.305163e-05 4.149379e-05
5370 1.549817e+00 1.451624e-05 2.742563e-05 3.444504e-05
5380 1.552695e+00 1.407672e-05 2.697999e-05 2.715372e-05
5390 1.555574e+00 1.290851e-05 3.136897e-05 2.485113e-05
5400 1.558452e+00 1.154391e-05 3.625851e-05 2.915259e-05
5410 1.561331e+00 1.073366e-05 3.852011e-05 3.518689e-05
5420 1.564209e+00 1.091071e-05 3.705873e-05 3.879099e-05
5430 1.567088e+00 1.172260e-05 3.237242e-05 3.832151e-05
5440 1.569966e+00 1.243558e-05 2.648948e-05 3.391089e-05
5450 1.572845e+00 1.252951e-05 2.298496e-05 2.727247e-05
5460 1.575723e+00 1.187661e-05 2.452163e-05 2.204323e-05
5470 1.578602e+00 1.072946e-05 2.893099e-05 2.245093e-05
5480 1.581480e+00 9.652780e-06 3.252223e-05 2.732186e-05
5490 1.584359e+00 9.264158e-06 3.329512e-05 3.204705e-05
5500 1.587237e+00 9.693491e-06 3.085294e-05 3.391168e-05
5510 1.590116e+00 1.043665e-05 2.611507e-05 3.212882e-05
5520 1.592994e+00 1.088698e-05 2.138091e-05 2.732107e-05
5530 1.595873e+00 1.071831e-05 1.992295e-05 2.155770e-05
5540 1.598751e+00 9.948080e-06 2.260270e-05 1.857349e-05
5550 1.601630e+00 8.908620e-06 2.646757e-05 2.082917e-05
5560 1.604508e+00 8.149355e-06 2.877787e-05 2.541655e-05
5570 1.607387e+00 8.102619e-06 2.837233e-05 2.874705e-05
5580 1.610265e+00 8.645613e-06 2.534929e-05 2.917918e-05
5590 1.613144e+00 9.246117e-06 2.093974e-05 2.651803e-05
5600 1.616022e+00 9.450905e-06 1.759106e-05 2.174837e-05
5610 1.618901e+00 9.090539e-06 1.782706e-05 1.722584e-05
5620 1.621779e+00 8.287679e-06 2.089668e-05 1.635794e-05
5630 1.624657e+00 7.418517e-06 2.393894e-05 1.952623e-05
5640 1.627536e+00 6.969987e-06 2.510591e-05 2.336159e-05
5650 1.630414e+00 7.163781e-06 2.383509e-05 2.538900e-05
5660 1.633293e+00 7.711111e-06 2.057966e-05 2.471486e-05
5670 1.636171e+00 8.135961e-06 1.680253e-05 2.156061e-05
5680 1.639050e+00 8.131539e-06 1.491193e-05 1.719131e-05
5690 1.641928e+00 7.648812e-06 1.630580e-05 1.414608e-05
5700 1.644807e+00 6.883021e-06 1.922795e-05 1.494499e-05
5710 1.647685e+00 6.221022e-06 2.137241e-05 1.826507e-05
5720 1.650564e+00 6.044561e-06 2.159294e-05 2.116434e-05
5730 1.653442e+00 6.376109e-06 1.975053e-05 2.207095e-05
5740 1.656321e+00 6.855033e-06 1.655732e-05 2.060565e-05
5750 1.659199e+00 7.102180e-06 1.363524e-05 1.729038e-05
5760 1.662078e+00 6.934890e-06 1.308079e-05 1.361738e-05
5770 1.664956e+00 6.393351e-06 1.506231e-05 1.210619e-05
5780 1.667835e+00 5.718455e-06 1.752440e-05 1.394126e-05
5790 1.670713e+00 5.275071e-06 1.881753e-05 1.692706e-05
5800 1.673592e+00 5.309265e-06 1.830701e-05 1.888272e-05
5810 1.676470e+00 5.689433e-06 1.615493e-05 1.888646e-05
5820 1.679349e+00 6.059652e-06 1.326602e-05 1.691643e-05
5830 1.682227e+00 6.146111e-06 1.132494e-05 1.371983e-05
5840 1.685106e+00 5.864463e-06 1.181145e-05 1.096497e-05
5850 1.687984e+00 5.318528e-06 1.391233e-05 1.081645e-05
5860 1.690863e+00 4.771118e-06 1.578042e-05 1.307323e-05
5870 1.693741e+00 4.533481e-06 1.633512e-05 1.548143e-05
5880 1.696620e+00 4.707228e-06 1.530488e-05 1.658385e-05
5890 1.699498e+00 5.070163e-06 1.306884e-05 1.590756e-05
5900 1.702376e+00 5.317720e-06 1.067341e-05 1.368414e-05
5910 1.705255e+00 5.271667e-06 9.716837e-06 1.083856e-05
5920 1.708133e+00 4.922177e-06 1.085559e-05 9.126053e-06
5930 1.711012e+00 4.415960e-06 1.276336e-05 9.974857e-06
5940 1.713890e+00 4.015238e-06 1.402027e-05 1.219689e-05
5950 1.716769e+00 3.950488e-06 1.397806e-05 1.395144e-05
5960 1.719647e+00 4.195488e-06 1.262216e-05 1.433714e-05
5970 1.722526e+00 4.499385e-06 1.049121e-05 1.319050e-05
5980 1.725404e+00 4.628062e-06 8.720386e-06 1.092806e-05
5990 1.728283e+00 4.482102e-06 8.619635e-06 8.619032e-06
6000 1.731161e+00 4.106177e-06 1.003718e-05 7.933714e-06
6010 1.734040e+00 3.672363e-06 1.158602e-05 9.335996e-06
6020 1.736918e+00 3.420058e-06 1.228350e-05 1.125392e-05
6030 1.739797e+00 3.482782e-06 1.179247e-05 1.237852e-05
6040 1.742675e+00 3.743348e-06 1.028176e-05 1.219999e-05
6050 1.745554e+00 3.967747e-06 8.409018e-06 1.077116e-05
6060 1.748432e+00 3.992603e-06 7.321205e-06 8.649733e-06
6070 1.751311e+00 3.779850e-06 7.842950e-06 7.008807e-06
6080 1.754189e+00 3.412435e-06 9.254144e-06 7.181097e-06
6090 1.757068e+00 3.071980e-06 1.038463e-05 8.747434e-06
6100 1.759946e+00 2.954026e-06 1.060908e-05 1.024094e-05
6110 1.762825e+00 3.095192e-06 9.810455e-06 1.081165e-05
6120 1.765703e+00 3.331975e-06 8.290668e-06 1.021926e-05
6130 1.768582e+00 3.472074e-06 6.792560e-06 8.671338e-06
6140 1.771460e+00 3.413808e-06 6.358248e-06 6.838710e-06
6150 1.774339e+00 3.165006e-06 7.232335e-06 5.920021e-06
6160 1.777217e+00 2.833562e-06 8.461201e-06 6.669221e-06
6170 1.780095e+00 2.595317e-06 9.181625e-06 8.132945e-06
6180 1.782974e+00 2.585523e-06 9.033030e-06 9.178642e-06
6190 1.785852e+00 2.760917e-06 8.054463e-06 9.294768e-06
6200 1.788731e+00 2.950896e-06 6.646354e-06 8.427477e-06
6210 1.791609e+00 3.012574e-06 5.596406e-06 6.898884e-06
6220 1.794488e+00 2.893963e-06 5.698097e-06 5.470441e-06
6230 1.797366e+00 2.636048e-06 6.685880e-06 5.226167e-06
6240 1.800245e+00 2.360203e-06 7.647627e-06 6.252831e-06
6250 1.803123e+00 2.221374e-06 8.003834e-06 7.469483e-06
6260 1.806002e+00 2.287007e-06 7.582682e-06 8.099137e-06
6270 1.808880e+00 2.462208e-06 6.535198e-06 7.865595e-06
6280 1.811759e+00 2.595501e-06 5.335051e-06 6.846295e-06
6290 1.814637e+00 2.590738e-06 4.753145e-06 5.452324e-06
6300 1.817516e+00 2.434023e-06 5.216390e-06 4.501513e-06
6310 1.820394e+00 2.189145e-06 6.149239e-06 4.782620e-06
6320 1.823273e+00 1.980314e-06 6.822401e-06 5.846945e-06
6330 1.826151e+00 1.927971e-06 6.878229e-06 6.761371e-06
6340 1.829030e+00 2.036091e-06 6.278387e-06 7.034537e-06
6350 1.831908e+00 2.188291e-06 5.255719e-06 6.552152e-06
6360 1.834787e+00 2.264624e-06 4.333572e-06 5.486563e-06
6370 1.837665e+00 2.208379e-06 4.177134e-06 4.321004e-06
6380 1.840544e+00 2.033817e-06 4.819701e-06 3.862025e-06
6390 1.843422e+00 1.818950e-06 5.600994e-06 4.464278e-06
6400 1.846301e+00 1.680341e-06 6.002183e-06 5.414914e-06
6410 1.849179e+00 1.694468e-06 5.826975e-06 6.027084e-06
6420 1.852057e+00 1.816834e-06 5.131996e-06 6.014143e-06
6430 1.854936e+00 1.933667e-06 4.210982e-06 5.374406e-06
6440 1.857814e+00 1.958806e-06 3.605263e-06 4.351562e-06
6450 1.860693e+00 1.866683e-06 3.776785e-06 3.484319e-06
6460 1.863571e+00 1.691604e-06 4.450656e-06 3.458164e-06
6470 1.866450e+00 1.518212e-06 5.039876e-06 4.186154e-06
6480 1.869328e+00 1.445288e-06 5.206122e-06 4.948583e-06
6490 1.872207e+00 1.502962e-06 4.867550e-06 5.288702e-06
6500 1.875085e+00 1.618819e-06 4.149309e-06 5.061131e-06
6510 1.877964e+00 1.696155e-06 3.389800e-06 4.344122e-06
6520 1.880842e+00 1.679264e-06 3.099306e-06 3.437822e-06
6530 1.883721e+00 1.566128e-06 3.473324e-06 2.906553e-06
6540 1.886599e+00 1.404496e-06 4.081026e-06 3.193105e-06
6550 1.889478e+00 1.278421e-06 4.474307e-06 3.903521e-06
6560 1.892356e+00 1.260325e-06 4.451394e-06 4.455634e-06
6570 1.895235e+00 1.339779e-06 4.011448e-06 4.568106e-06
6580 1.898113e+00 1.436137e-06 3.330046e-06 4.192972e-06
6590 1.900992e+00 1.475470e-06 2.772990e-06 3.466968e-06
6600 1.903870e+00 1.427079e-06 2.754039e-06 2.736012e-06
6610 1.906749e+00 1.306141e-06 3.211592e-06 2.533134e-06
6620 1.909627e+00 1.168263e-06 3.702065e-06 2.989776e-06
6630 1.912506e+00 1.089762e-06 3.916887e-06 3.599174e-06
6640 1.915384e+00 1.111748e-06 3.752354e-06 3.949857e-06
6650 1.918263e+00 1.195341e-06 3.265502e-06 3.883754e-06
6660 1.921141e+00 1.265937e-06 2.669514e-06 3.421082e-06
6670 1.924020e+00 1.272236e-06 2.332235e-06 2.743320e-06
6680 1.926898e+00 1.202956e-06 2.508580e-06 2.228780e-06
6690 1.929776e+00 1.085310e-06 2.960025e-06 2.297142e-06
6700 1.932655e+00 9.776958e-07 3.315733e-06 2.800561e-06
6710 1.935533e+00 9.419909e-07 3.380274e-06 3.272460e-06
6720 1.938412e+00 9.883324e-07 3.119319e-06 3.446797e-06
6730 1.941290e+00 1.063741e-06 2.631937e-06 3.250313e-06
6740 1.944169e+00 1.107281e-06 2.158064e-06 2.752074e-06
6750 1.947047e+00 1.087272e-06 2.029381e-06 2.169513e-06
6760 1.949926e+00 1.006931e-06 2.314199e-06 1.887175e-06
6770 1.952804e+00 9.012701e-07 2.704807e-06 2.135432e-06
6780 1.955683e+00 8.265529e-07 2.929299e-06 2.602305e-06
6790 1.958561e+00 8.250533e-07 2.875780e-06 2.930484e-06
6800 1.961440e+00 8.816756e-07 2.559143e-06 2.960602e-06
6810 1.964318e+00 9.417574e-07 2.109603e-06 2.678125e-06
6820 1.967197e+00 9.602647e-07 1.780622e-06 2.188364e-06
6830 1.970075e+00 9.212710e-07 1.821419e-06 1.737416e-06
6840 1.972954e+00 8.384410e-07 2.139101e-06 1.669906e-06
6850 1.975832e+00 7.509239e-07 2.443027e-06 2.002327e-06
6860 1.978711e+00 7.080032e-07 2.551514e-06 2.388151e-06
6870 1.981589e+00 7.301374e-07 2.412165e-06 2.583524e-06
6880 1.984468e+00 7.861916e-07 2.075217e-06 2.503141e-06
6890 1.987346e+00 8.279836e-07 1.694008e-06 2.173868e-06
6900 1.990225e+00 8.253928e-07 1.515215e-06 1.729254e-06
6910 1.993103e+00 7.745404e-07 1.668824e-06 1.432644e-06
6920 1.995982e+00 6.962534e-07 1.966518e-06 1.530592e-06
6930 1.998860e+00 6.304023e-07 2.177730e-06 1.871628e-06
6940 2.001738e+00 6.149645e-07 2.190909e-06 2.159938e-06
6950 2.004617e+00 6.501890e-07 1.995733e-06 2.241953e-06
6960 2.007495e+00 6.985418e-07 1.668291e-06 2.083334e-06
6970 2.010374e+00 7.220870e-07 1.377415e-06 1.740926e-06
6980 2.013252e+00 7.032299e-07 1.334023e-06 1.371194e-06
6990 2.016131e+00 6.469801e-07 1.542221e-06 1.232212e-06
7000 2.019009e+00 5.785914e-07 1.790064e-06 1.429583e-06
7010 2.021888e+00 5.352895e-07 1.914408e-06 1.732151e-06
7020 2.024766e+00 5.408135e-07 1.854587e-06 1.923669e-06
7030 2.027645e+00 5.801769e-07 1.630233e-06 1.915036e-06
7040 2.030523e+00 6.170283e-07 1.336687e-06 1.707393e-06
7050 2.033402e+00 6.242656e-07 1.147842e-06 1.380184e-06
7060 2.036280e+00 5.941569e-07 1.207714e-06 1.107324e-06
7070 2.039159e+00 5.380235e-07 1.423768e-06 1.105722e-06
7080 2.042037e+00 4.831189e-07 1.609549e-06 1.340406e-06
7090 2.044916e+00 4.607791e-07 1.659161e-06 1.581714e-06
7100 2.047794e+00 4.798837e-07 1.548012e-06 1.686513e-06
7110 2.050673e+00 5.168541e-07 1.317366e-06 1.610159e-06
7120 2.053551e+00 5.409966e-07 1.076637e-06 1.379011e-06
7130 2.056430e+00 5.349078e-07 9.886706e-07 1.090445e-06
7140 2.059308e+00 4.982994e-07 1.111333e-06 9.258412e-07
7150 2.062187e+00 4.467048e-07 1.304841e-06 1.022212e-06
7160 2.065065e+00 4.070583e-07 1.427824e-06 1.249253e-06
7170 2.067944e+00 4.020986e-07 1.417502e-06 1.422920e-06
7180 2.070822e+00 4.278444e-07 1.274823e-06 1.455423e-06
7190 2.073701e+00 4.583844e-07 1.056990e-06 1.332793e-06
7200 2.076579e+00 4.703802e-07 8.818560e-07 1.099880e-06
7210 2.079457e+00 4.543623e-07 8.800049e-07 8.685787e-07
7220 2.082336e+00 4.154664e-07 1.027602e-06 8.088974e-07
7230 2.085214e+00 3.716563e-07 1.182871e-06 9.574462e-07
7240 2.088093e+00 3.472538e-07 1.248940e-06 1.151015e-06
7250 2.090971e+00 3.548911e-07 1.193948e-06 1.260292e-06
7260 2.093850e+00 3.816972e-07 1.037099e-06 1.236292e-06
7270 2.096728e+00 4.038961e-07 8.474849e-07 1.086535e-06
7280 2.099607e+00 4.053852e-07 7.430377e-07 8.700578e-07
7290 2.102485e+00 3.828391e-07 8.024049e-07 7.088352e-07
7300 2.105364e+00 3.451787e-07 9.467638e-07 7.348877e-07
7310 2.108242e+00 3.111754e-07 1.058640e-06 8.966024e-07
7320 2.111121e+00 3.003996e-07 1.076974e-06 1.045657e-06
7330 2.113999e+00 3.155908e-07 9.917699e-07 1.098800e-06
7340 2.116878e+00 3.395967e-07 8.355109e-07 1.033738e-06
7350 2.119756e+00 3.531135e-07 6.856806e-07 8.734114e-07
7360 2.122635e+00 3.462779e-07 6.477871e-07 6.882833e-07
7370 2.125513e+00 3.203438e-07 7.405007e-07 6.016754e-07
7380 2.128392e+00 2.866686e-07 8.646200e-07 6.837634e-07
7390 2.131270e+00 2.632492e-07 9.345223e-07 8.326254e-07
7400 2.134149e+00 2.632863e-07 9.155027e-07 9.355728e-07
7410 2.137027e+00 2.815548e-07 8.130886e-07 9.429722e-07
7420 2.139906e+00 3.005486e-07 6.696092e-07 8.510259e-07
7430 2.142784e+00 3.060783e-07 5.666026e-07 6.941457e-07
7440 2.145663e+00 2.932728e-07 5.822619e-07 5.518558e-07
7450 2.148541e+00 2.666791e-07 6.843772e-07 5.336437e-07
7460 2.151419e+00 2.389211e-07 7.803883e-07 6.411947e-07
7470 2.154298e+00 2.256679e-07 8.133498e-07 7.635087e-07
7480 2.157176e+00 2.331048e-07 7.673110e-07 8.240726e-07
7490 2.160055e+00 2.510311e-07 6.589541e-07 7.965599e-07
7500 2.162933e+00 2.641259e-07 5.379077e-07 6.902286e-07
7510 2.165812e+00 2.629573e-07 4.830747e-07 5.484544e-07
7520 2.168690e+00 2.464641e-07 5.339032e-07 4.560123e-07
7530 2.171569e+00 2.214420e-07 6.288704e-07 4.898656e-07
7540 2.174447e+00 2.006854e-07 6.951084e-07 5.990940e-07
7550 2.177326e+00 1.961623e-07 6.978360e-07 6.899629e-07
7560 2.180204e+00 2.076272e-07 6.343664e-07 7.144882e-07
7570 2.183083e+00 2.229829e-07 5.295506e-07 6.623870e-07
7580 2.185961e+00 2.302349e-07 4.378434e-07 5.523893e-07
7590 2.188840e+00 2.239289e-07 4.260762e-07 4.351486e-07
7600 2.191718e+00 2.058091e-07 4.934818e-07 3.932023e-07
7610 2.194597e+00 1.840479e-07 5.720769e-07 4.577977e-07
7620 2.197475e+00 1.705299e-07 6.105757e-07 5.540672e-07
7630 2.200354e+00 1.726136e-07 5.902437e-07 6.139493e-07
7640 2.203232e+00 1.852694e-07 5.178421e-07 6.097605e-07
7650 2.206111e+00 1.968876e-07 4.243086e-07 5.423966e-07
7660 2.208989e+00 1.989458e-07 3.654876e-07 4.377476e-07
7670 2.211868e+00 1.891128e-07 3.862144e-07 3.519489e-07
7680 2.214746e+00 1.711199e-07 4.554541e-07 3.535789e-07
7690 2.217625e+00 1.537400e-07 5.140087e-07 4.291883e-07
7700 2.220503e+00 1.469093e-07 5.287421e-07 5.055381e-07
7710 2.223382e+00 1.532250e-07 4.922893e-07 5.377842e-07
7720 2.226260e+00 1.650180e-07 4.182423e-07 5.122332e-07
7730 2.229138e+00 1.725489e-07 3.419701e-07 4.377391e-07
7740 2.232017e+00 1.703834e-07 3.154171e-07 3.458872e-07
7750 2.234895e+00 1.585427e-07 3.555895e-07 2.949561e-07
7760 2.237774e+00 1.420772e-07 4.171865e-07 3.272557e-07
7770 2.240652e+00 1.296156e-07 4.556208e-07 3.997874e-07
7780 2.243531e+00 1.282919e-07 4.513686e-07 4.543917e-07
7790 2.246409e+00 1.366281e-07 4.051175e-07 4.636832e-07
7800 2.249288e+00 1.463035e-07 3.354977e-07 4.236265e-07
7810 2.252166e+00 1.499530e-07 2.804697e-07 3.489229e-07
7820 2.255045e+00 1.446588e-07 2.812117e-07 2.757615e-07
7830 2.257923e+00 1.321527e-07 3.287947e-07 2.583347e-07
7840 2.260802e+00 1.182362e-07 3.779320e-07 3.066114e-07
7850 2.263680e+00 1.106575e-07 3.982203e-07 3.680771e-07
7860 2.266559e+00 1.132905e-07 3.798817e-07 4.021046e-07
7870 2.269437e+00 1.218828e-07 3.293654e-07 3.935217e-07
7880 2.272316e+00 1.288596e-07 2.690572e-07 3.450676e-07
7890 2.275194e+00 1.291683e-07 2.367543e-07 2.759427e-07
7900 2.278073e+00 1.218355e-07 2.566701e-07 2.254648e-07
7910 2.280951e+00 1.097827e-07 3.028135e-07 2.351189e-07
7920 2.283830e+00 9.904256e-08 3.379854e-07 2.870408e-07
7930 2.286708e+00 9.580117e-08 3.431139e-07 3.341058e-07
7940 2.289587e+00 1.007744e-07 3.153141e-07 3.502683e-07
7950 2.292465e+00 1.084136e-07 2.652287e-07 3.287568e-07
7960 2.295344e+00 1.126054e-07 2.178752e-07 2.771801e-07
7970 2.298222e+00 1.102806e-07 2.067966e-07 2.183687e-07
7980 2.301101e+00 1.019120e-07 2.369474e-07 1.918553e-07
7990 2.303979e+00 9.118207e-08 2.763748e-07 2.189451e-07
8000 2.306857e+00 8.384578e-08 2.981237e-07 2.663931e-07
8010 2.309736e+00 8.402105e-08 2.914370e-07 2.986716e-07
8020 2.312614e+00 8.991165e-08 2.583245e-07 3.003280e-07
8030 2.315493e+00 9.591370e-08 2.125423e-07 2.704169e-07
8040 2.318371e+00 9.755780e-08 1.803140e-07 2.201775e-07
8050 2.321250e+00 9.335678e-08 1.861463e-07 1.753030e-07
8060 2.324128e+00 8.482082e-08 2.189532e-07 1.705529e-07
8070 2.327007e+00 7.601938e-08 2.492727e-07 2.053241e-07
8080 2.329885e+00 7.193235e-08 2.592607e-07 2.440881e-07
8090 2.332764e+00 7.442288e-08 2.440712e-07 2.628435e-07
8100 2.335642e+00 8.015330e-08 2.092350e-07 2.534721e-07
8110 2.338521e+00 8.425368e-08 1.708117e-07 2.191465e-07
8120 2.341399e+00 8.377172e-08 1.540287e-07 1.739512e-07
8130 2.344278e+00 7.842496e-08 1.708147e-07 1.451693e-07
8140 2.347156e+00 7.042929e-08 2.010994e-07 1.567899e-07
8150 2.350035e+00 6.388946e-08 2.218616e-07 1.917589e-07
8160 2.352913e+00 6.257450e-08 2.222610e-07 2.203883e-07
8170 2.355792e+00 6.630268e-08 2.016326e-07 2.276888e-07
8180 2.358670e+00 7.117744e-08 1.680890e-07 2.105927e-07
8190 2.361549e+00 7.340757e-08 1.391900e-07 1.752654e-07
8200 2.364427e+00 7.130364e-08 1.360973e-07 1.381028e-07
8210 2.367306e+00 6.546851e-08 1.579040e-07 1.254892e-07
8220 2.370184e+00 5.854601e-08 1.828197e-07 1.466027e-07
8230 2.373063e+00 5.432900e-08 1.947263e-07 1.772233e-07
8240 2.375941e+00 5.509535e-08 1.878434e-07 1.959357e-07
8250 2.378819e+00 5.916220e-08 1.644863e-07 1.941423e-07
8260 2.381698e+00 6.282337e-08 1.346918e-07 1.722982e-07
8270 2.384576e+00 6.339976e-08 1.163884e-07 1.388373e-07
8280 2.387455e+00 6.019086e-08 1.235134e-07 1.118753e-07
8290 2.390333e+00 5.442491e-08 1.456933e-07 1.130749e-07
8300 2.393212e+00 4.892516e-08 1.641415e-07 1.374199e-07
8310 2.396090e+00 4.684079e-08 1.684922e-07 1.615693e-07
8320 2.398969e+00 4.892483e-08 1.565483e-07 1.714764e-07
8330 2.401847e+00 5.268516e-08 1.327823e-07 1.629465e-07
8340 2.404726e+00 5.503241e-08 1.086254e-07 1.389459e-07
8350 2.407604e+00 5.427051e-08 1.006386e-07 1.097177e-07
8360 2.410483e+00 5.044222e-08 1.137782e-07 9.398111e-08
8370 2.413361e+00 4.518886e-08 1.333790e-07 1.047732e-07
8380 2.416240e+00 4.127396e-08 1.453828e-07 1.279357e-07
8390 2.419118e+00 4.093375e-08 1.437207e-07 1.450973e-07
8400 2.421997e+00 4.363096e-08 1.287345e-07 1.477175e-07
8410 2.424875e+00 4.669502e-08 1.064896e-07 1.346427e-07
8420 2.427754e+00 4.780235e-08 8.921010e-08 1.106885e-07
8430 2.430632e+00 4.605495e-08 8.986988e-08 8.755736e-08
8440 2.433511e+00 4.203501e-08 1.052007e-07 8.251363e-08
8450 2.436389e+00 3.761559e-08 1.207459e-07 9.818840e-08
8460 2.439268e+00 3.526417e-08 1.269655e-07 1.177001e-07
8470 2.442146e+00 3.616613e-08 1.208628e-07 1.282877e-07
8480 2.445025e+00 3.891898e-08 1.045978e-07 1.252548e-07
8490 2.447903e+00 4.111050e-08 8.542214e-08 1.095835e-07
8500 2.450782e+00 4.115590e-08 7.544541e-08 8.751648e-08
8510 2.453660e+00 3.877233e-08 8.210553e-08 7.172462e-08
8520 2.456538e+00 3.491595e-08 9.684920e-08 7.522907e-08
8530 2.459417e+00 3.152484e-08 1.079017e-07 9.189146e-08
8540 2.462295e+00 3.055345e-08 1.093079e-07 1.067475e-07
8550 2.465174e+00 3.217961e-08 1.002438e-07 1.116506e-07
8560 2.468052e+00 3.460959e-08 8.419412e-08 1.045485e-07
8570 2.470931e+00 3.590805e-08 6.923467e-08 8.796092e-08
8580 2.473809e+00 3.512060e-08 6.602318e-08 6.928394e-08
8590 2.476688e+00 3.242109e-08 7.581926e-08 6.118526e-08
8600 2.479566e+00 2.900304e-08 8.833957e-08 7.010896e-08
8610 2.482445e+00 2.670630e-08 9.510079e-08 8.522724e-08
8620 2.485323e+00 2.681399e-08 9.277063e-08 9.534298e-08
8630 2.488202e+00 2.871227e-08 8.206876e-08 9.564691e-08
8640 2.491080e+00 3.060813e-08 6.746418e-08 8.592196e-08
8650 2.493959e+00 3.109420e-08 5.738850e-08 6.983724e-08
8660 2.496837e+00 2.971731e-08 5.951367e-08 5.569242e-08
8670 2.499716e+00 2.697820e-08 7.004843e-08 5.451472e-08
8680 2.502594e+00 2.418830e-08 7.961967e-08 6.574822e-08
8690 2.505473e+00 2.292971e-08 8.263734e-08 7.802956e-08
8700 2.508351e+00 2.376127e-08 7.763233e-08 8.383153e-08
8710 2.511230e+00 2.559233e-08 6.643576e-08 8.065302e-08
8720 2.514108e+00 2.687544e-08 5.424329e-08 6.957574e-08
8730 2.516987e+00 2.668686e-08 4.911753e-08 5.517223e-08
8740 2.519865e+00 2.495434e-08 5.465095e-08 4.622034e-08
8750 2.522744e+00 2.239999e-08 6.430522e-08 5.018592e-08
8760 2.525622e+00 2.034037e-08 7.080972e-08 6.137636e-08
8770 2.528500e+00 1.996158e-08 7.078703e-08 7.039311e-08
8780 2.531379e+00 2.117287e-08 6.408617e-08 7.255488e-08
8790 2.534257e+00 2.271981e-08 5.335404e-08 6.695049e-08
8800 2.537136e+00 2.340445e-08 4.425203e-08 5.560754e-08
8810 2.540014e+00 2.270398e-08 4.347592e-08 4.383232e-08
8820 2.542893e+00 2.082548e-08 5.052566e-08 4.005485e-08
8830 2.545771e+00 1.862392e-08 5.842171e-08 4.694759e-08
8840 2.548650e+00 1.730942e-08 6.209980e-08 5.668399e-08
8850 2.551528e+00 1.758598e-08 5.977796e-08 6.252778e-08
8860 2.554407e+00 1.889218e-08 5.224533e-08 6.181012e-08
8870 2.557285e+00 2.004535e-08 4.275715e-08 5.472989e-08
8880 2.560164e+00 2.020357e-08 3.706753e-08 4.403366e-08
8890 2.563042e+00 1.915710e-08 3.950206e-08 3.556634e-08
8900 2.565921e+00 1.730984e-08 4.660402e-08 3.616465e-08
8910 2.568799e+00 1.557006e-08 5.241407e-08 4.399885e-08
8920 2.571678e+00 1.493540e-08 5.369037e-08 5.163483e-08
8930 2.574556e+00 1.562194e-08 4.978037e-08 5.467378e-08
8940 2.577435e+00 1.682049e-08 4.215442e-08 5.183236e-08
8950 2.580313e+00 1.755146e-08 3.450640e-08 4.410205e-08
8960 2.583192e+00 1.728576e-08 3.211361e-08 3.480422e-08
8970 2.586070e+00 1.604850e-08 3.640609e-08 2.994927e-08
8980 2.588949e+00 1.437281e-08 4.264115e-08 3.354501e-08
8990 2.591827e+00 1.314355e-08 4.638771e-08 4.093908e-08
9000 2.594706e+00 1.306108e-08 4.576016e-08 4.633050e-08
9010 2.597584e+00 1.393315e-08 4.090651e-08 4.705665e-08
9020 2.600463e+00 1.490312e-08 3.380060e-08 4.279192e-08
9030 2.603341e+00 1.523811e-08 2.837807e-08 3.511274e-08
9040 2.606219e+00 1.466212e-08 2.872277e-08 2.780274e-08
9050 2.609098e+00 1.337033e-08 3.365941e-08 2.635853e-08
9060 2.611976e+00 1.196723e-08 3.857564e-08 3.144340e-08
9070 2.614855e+00 1.123841e-08 4.047887e-08 3.763528e-08
9080 2.617733e+00 1.154570e-08 3.845191e-08 4.092694e-08
9090 2.620612e+00 1.242728e-08 3.321649e-08 3.986562e-08
9100 2.623490e+00 1.311529e-08 2.712128e-08 3.479901e-08
9110 2.626369e+00 1.311282e-08 2.404451e-08 2.775632e-08
9120 2.629247e+00 1.233846e-08 2.626539e-08 2.281996e-08
9130 2.632126e+00 1.110489e-08 3.097447e-08 2.407209e-08
9140 2.635004e+00 1.003461e-08 3.444607e-08 2.941671e-08
9150 2.637883e+00 9.744699e-09 3.482133e-08 3.410442e-08
9160 2.640761e+00 1.027578e-08 3.186794e-08 3.558771e-08
9170 2.643640e+00 1.104846e-08 2.672614e-08 3.324603e-08
9180 2.646518e+00 1.145019e-08 2.200241e-08 2.791272e-08
9190 2.649397e+00 1.118440e-08 2.108098e-08 2.198342e-08
9200 2.652275e+00 1.031390e-08 2.426093e-08 1.951556e-08
9210 2.655154e+00 9.225363e-09 2.823552e-08 2.245017e-08
9220 2.658032e+00 8.506751e-09 3.033558e-08 2.726565e-08
9230 2.660911e+00 8.557530e-09 2.952957e-08 3.043420e-08
9240 2.663789e+00 9.168911e-09 2.607201e-08 3.045961e-08
9250 2.666668e+00 9.767492e-09 2.141437e-08 2.729947e-08
9260 2.669546e+00 9.910240e-09 1.826691e-08 2.215103e-08
9270 2.672425e+00 9.459375e-09 1.902850e-08 1.769486e-08
9280 2.675303e+00 8.580654e-09 2.240972e-08 1.742665e-08
9290 2.678181e+00 7.696593e-09 2.543007e-08 2.105335e-08
9300 2.681060e+00 7.309570e-09 2.633882e-08 2.494316e-08
9310 2.683938e+00 7.586490e-09 2.469165e-08 2.673597e-08
9320 2.686817e+00 8.171337e-09 2.109396e-08 2.566194e-08
9330 2.689695e+00 8.572568e-09 1.722639e-08 2.208834e-08
9340 2.692574e+00 8.501298e-09 1.566458e-08 1.749930e-08
9350 2.695452e+00 7.940160e-09 1.748554e-08 1.471813e-08
9360 2.698331e+00 7.124331e-09 2.056209e-08 1.606450e-08
9370 2.701209e+00 6.475991e-09 2.259875e-08 1.964408e-08
9380 2.704088e+00 6.368141e-09 2.254367e-08 2.248280e-08
9390 2.706966e+00 6.761313e-09 2.036810e-08 2.311904e-08
9400 2.709845e+00 7.252011e-09 1.693527e-08 2.128350e-08
9410 2.712723e+00 7.461811e-09 1.407004e-08 1.764242e-08
9420 2.715602e+00 7.229031e-09 1.388943e-08 1.391283e-08
9430 2.718480e+00 6.624488e-09 1.616692e-08 1.278679e-08
9440 2.721359e+00 5.924538e-09 1.866845e-08 1.503441e-08
9450 2.724237e+00 5.515077e-09 1.980324e-08 1.812930e-08
9460 2.727116e+00 5.613454e-09 1.902247e-08 1.995313e-08
9470 2.729994e+00 6.032784e-09 1.659399e-08 1.967784e-08
9480 2.732873e+00 6.395809e-09 1.357331e-08 1.738396e-08
9490 2.735751e+00 6.438085e-09 1.180661e-08 1.396562e-08
9500 2.738630e+00 6.097024e-09 1.263412e-08 1.130827e-08
9510 2.741508e+00 5.505350e-09 1.490720e-08 1.156750e-08
9520 2.744387e+00 4.955199e-09 1.673627e-08 1.408713e-08
9530 2.747265e+00 4.762439e-09 1.710777e-08 1.650084e-08
9540 2.750144e+00 4.988228e-09 1.582886e-08 1.743140e-08
9550 2.753022e+00 5.370101e-09 1.338250e-08 1.648676e-08
9560 2.755900e+00 5.597526e-09 1.096211e-08 1.399765e-08
9570 2.758779e+00 5.505569e-09 1.024846e-08 1.104081e-08
9580 2.761657e+00 5.105845e-09 1.164911e-08 9.545400e-09
9590 2.764536e+00 4.571490e-09 1.363184e-08 1.074039e-08
9600 2.767414e+00 4.185690e-09 1.480041e-08 1.309989e-08
9610 2.770293e+00 4.167661e-09 1.456923e-08 1.479290e-08
9620 2.773171e+00 4.449426e-09 1.299790e-08 1.498955e-08
9630 2.776050e+00 4.756359e-09 1.072858e-08 1.359941e-08
9640 2.778928e+00 4.857363e-09 9.028045e-09 1.113824e-08
9650 2.781807e+00 4.667739e-09 9.180561e-09 8.829173e-09
9660 2.784685e+00 4.252739e-09 1.076930e-08 8.421088e-09
9670 2.787564e+00 3.807415e-09 1.232356e-08 1.006922e-08
9680 2.790442e+00 3.581776e-09 1.290481e-08 1.203355e-08
9690 2.793321e+00 3.685939e-09 1.223276e-08 1.305605e-08
9700 2.796199e+00 3.968141e-09 1.054806e-08 1.268764e-08
9710 2.799078e+00 4.184005e-09 8.611222e-09 1.105019e-08
9720 2.801956e+00 4.177797e-09 7.663847e-09 8.803106e-09
9730 2.804835e+00 3.926355e-09 8.402502e-09 7.261377e-09
9740 2.807713e+00 3.531878e-09 9.906003e-09 7.703188e-09
9750 2.810592e+00 3.194195e-09 1.099593e-08 9.416725e-09
9760 2.813470e+00 3.108092e-09 1.109224e-08 1.089539e-08
9770 2.816349e+00 3.281340e-09 1.013054e-08 1.134272e-08
9780 2.819227e+00 3.526948e-09 8.483687e-09 1.057159e-08
9790 2.822106e+00 3.651081e-09 6.992762e-09 8.857268e-09
9800 2.824984e+00 3.561658e-09 6.731715e-09 6.975574e-09
9810 2.827862e+00 3.281036e-09 7.763091e-09 6.225530e-09
9820 2.830741e+00 2.934474e-09 9.024424e-09 7.189067e-09
9830 2.833619e+00 2.709784e-09 9.676116e-09 8.722375e-09
9840 2.836498e+00 2.731151e-09 9.399055e-09 9.714342e-09
9850 2.839376e+00 2.927967e-09 8.282391e-09 9.699653e-09
9860 2.842255e+00 3.116877e-09 6.797398e-09 8.673287e-09
9870 2.845133e+00 3.158473e-09 5.815015e-09 7.025772e-09
9880 2.848012e+00 3.010951e-09 6.084388e-09 5.622687e-09
9890 2.850890e+00 2.729146e-09 7.169102e-09 5.571319e-09
9900 2.853769e+00 2.449064e-09 8.121874e-09 6.741412e-09
9910 2.856647e+00 2.330250e-09 8.394535e-09 7.973026e-09
9920 2.859526e+00 2.422263e-09 7.853057e-09 8.526349e-09
9930 2.862404e+00 2.608981e-09 6.697359e-09 8.164640e-09
9940 2.865283e+00 2.734357e-09 5.470953e-09 7.012135e-09
9950 2.868161e+00 2.708082e-09 4.996289e-09 5.550458e-09
9960 2.871040e+00 2.526404e-09 5.594592e-09 4.687418e-09
9970 2.873918e+00 2.265910e-09 6.574665e-09 5.142484e-09
9980 2.876797e+00 2.061886e-09 7.212015e-09 6.287050e-09
9990 2.879675e+00 2.031597e-09 7.179201e-09 7.180409e-09
10000 2.882554e+00 2.159140e-09 6.473212e-09 7.366333e-09
10010 2.885432e+00 2.314752e-09 5.375441e-09 6.765678e-09
10020 2.888311e+00 2.378907e-09 4.473984e-09 5.597187e-09
10030 2.891189e+00 2.301693e-09 4.437673e-09 4.416384e-09
10040 2.894068e+00 2.107201e-09 5.172948e-09 4.082487e-09
10050 2.896946e+00 1.884709e-09 5.965192e-09 4.814606e-09
10060 2.899825e+00 1.757305e-09 6.314841e-09 5.798059e-09
10070 2.902703e+00 1.791891e-09 6.053047e-09 6.366889e-09
10080 2.905581e+00 1.926417e-09 5.270356e-09 6.264315e-09
10090 2.908460e+00 2.040640e-09 4.308957e-09 5.521456e-09
10096 2.910187e+00 2.062210e-09 3.889073e-09 4.877101e-09
